,timestamp,prices,total_volume,market_caps,Vol_Mcap_ratio,Open,High,Low,Close,Volume,Close Time,Date,moving_avg_Vol_MCap,Un_Norm_Vol_MCap,Heiken_color,Greater,Slope,Pivot
0,1609459200000.0,124.79869792915004,4978855668.12016,8232940083.327155,0.6047481966014829,124.22,133.97,122.89,126.24,1539801.80815,1609545599999.0,2021-01-01,,,green,,,
1,1609545600000.0,125.98137104675857,5138444948.560505,8330599715.513708,0.6168157304439206,126.2,142.0,123.15,136.96,2442266.765,1609631999999.0,2021-01-02,,,green,,8.49,
2,1609632000000.0,137.70325907807623,7674106005.738688,9119719237.682438,0.8414848972575258,136.94,164.7,135.3,161.24,3813834.07669,1609718399999.0,2021-01-03,,,green,1.0,17.73,
3,1609718400000.0,159.49543619526273,12511693714.956276,10564161142.548117,1.1843527892209345,161.23,173.66,139.31,155.34,3530422.20392,1609804799999.0,2021-01-04,,,green,1.0,-3.66,
4,1609804800000.0,152.06832261948344,10903840533.738314,10098767862.758522,1.0797198907748615,155.33,162.8,146.52,158.43,1998205.92425,1609891199999.0,2021-01-05,,,green,,1.99,
5,1609891200000.0,159.06360312204382,8254813487.140132,10535698659.89438,0.7835088828577872,158.46,169.72,154.95,168.92,1857831.43166,1609977599999.0,2021-01-06,,,green,,6.62,
6,1609977600000.0,169.2828246096558,8544910886.310713,11185244669.38366,0.7639449237708595,168.96,181.22,161.18,169.35,2493533.9948,1610063999999.0,2021-01-07,,,green,,0.25,
7,1610064000000.0,170.36551131211365,9860941062.12867,11282929355.746391,0.8739699373466782,169.35,181.92,150.0,172.19,2843159.7034,1610150399999.0,2021-01-08,,,green,1.0,1.68,
8,1610150400000.0,173.13609586387813,11596956252.629768,11467769477.442598,1.0112652050986275,172.28,178.8,163.3,177.26,1749781.84973,1610236799999.0,2021-01-09,,,green,1.0,2.94,top
9,1610236800000.0,177.8924583201147,8258547885.496881,11784199681.35584,0.7008153382331932,177.27,185.83,161.86,170.07,2269705.0446,1610323199999.0,2021-01-10,,,green,,-4.06,
10,1610323200000.0,171.36294881718376,9321325636.610132,11352969472.472837,0.821047362032571,170.06,170.74,112.7,138.87,5019816.79975,1610409599999.0,2021-01-11,,,red,1.0,-18.35,
11,1610409600000.0,139.69663325676296,14829089221.44843,9256128287.148792,1.602083372379047,138.88,146.86,128.0,133.42,2825579.61257,1610495999999.0,2021-01-12,,,red,1.0,-3.92,bottom
12,1610496000000.0,133.00437326579694,8838172952.118248,8778885032.092112,1.0067534681009493,133.44,148.46,125.9,147.38,2153426.27798,1610582399999.0,2021-01-13,,,red,,10.46,
13,1610582400000.0,147.5223343027861,6355675929.232986,9776750028.990845,0.650080641356954,147.39,156.89,143.55,152.5,2033762.60027,1610668799999.0,2021-01-14,0.895756473962528,,green,,3.47,
14,1610668800000.0,152.22312208348978,6840344526.142325,10089394739.03153,0.6779737241997256,152.46,155.74,130.0,143.65,2104225.5121,1610755199999.0,2021-01-15,0.9009868687909739,,red,,-5.8,
15,1610755200000.0,143.88016914165317,6575617068.282113,9537424849.722498,0.6894541421706131,143.66,152.59,139.28,143.52,1784053.82975,1610841599999.0,2021-01-16,0.906175326771452,,red,,-0.09,
16,1610841600000.0,144.27234202687984,6746848008.143743,9564493948.54912,0.7054056434598092,143.52,147.0,136.22,142.8,1379082.3792,1610927999999.0,2021-01-17,0.896455380071615,,red,,-0.5,
17,1610928000000.0,142.33371597593552,6010069813.738895,9516266561.26863,0.6315575309964503,142.78,154.99,138.44,151.96,1644947.14813,1611014399999.0,2021-01-18,0.856970004484152,,green,,6.41,top
18,1611014400000.0,152.0622930627321,5761396967.333693,10083146649.993534,0.5713887903571636,151.97,166.02,150.18,151.86,2288798.47777,1611100799999.0,2021-01-19,0.820660640168602,,green,,-0.07,
19,1611100800000.0,153.42728033232035,7951747165.599574,10174714752.65026,0.7815204021840849,151.85,156.15,138.4,149.69,2037654.31965,1611187199999.0,2021-01-20,0.8205186058347662,,red,1.0,-1.43,
20,1611187200000.0,149.8610531651383,7700060485.60764,9939300725.297943,0.7747084728012212,149.67,150.25,125.64,129.72,2176119.47889,1611273599999.0,2021-01-21,0.8212874307655064,,red,,-13.34,bottom
21,1611273600000.0,130.15788813114384,7625683734.379252,8633410602.199905,0.8832759248628959,129.7,141.85,122.7,137.66,1979078.0056,1611359999999.0,2021-01-22,0.8219521441595219,,red,1.0,6.12,
22,1611360000000.0,137.94787059246585,7893968098.5307455,9151084592.531637,0.8626265027615583,137.65,143.52,135.05,137.67,969988.56158,1611446399999.0,2021-01-23,0.8113350939925883,,red,,0.01,
23,1611446400000.0,137.73843643795368,5145553639.444698,9138226063.307539,0.563080143104086,137.66,142.65,133.73,141.01,917459.85058,1611532799999.0,2021-01-24,0.8014968657690806,,green,,2.43,top
24,1611532800000.0,141.74221406653,4928310878.9754,9404888749.824127,0.5240158613324969,141.01,147.87,136.62,137.07,1380902.3935,1611619199999.0,2021-01-25,0.7802803300047897,,green,,-2.79,
25,1611619200000.0,137.35802164578854,5693649552.4563465,9114575939.485142,0.6246752004984629,137.07,139.76,127.85,134.67,1093141.08136,1611705599999.0,2021-01-26,0.7104654605847479,,red,1.0,-1.75,
26,1611705600000.0,134.72675504526808,4748234160.706762,8954961889.962664,0.5302349936328494,134.69,134.96,118.13,122.44,1240323.68178,1611791999999.0,2021-01-27,0.6764284266941695,,red,,-9.08,bottom
27,1611792000000.0,122.80619208381506,4905944203.376763,8150039364.104642,0.6019534365667113,122.45,135.84,120.74,133.27,1074760.50528,1611878399999.0,2021-01-28,0.672990769209152,,red,1.0,8.85,
28,1611878400000.0,133.50173570012146,4757924139.00854,8866532404.29447,0.5366161112436761,133.25,145.5,131.44,134.65,2193040.3844,1611964799999.0,2021-01-29,0.6628937968551486,,green,,1.04,
29,1611964800000.0,134.6841039364004,6861922149.935161,8940137524.728409,0.7675410060477361,134.67,136.23,128.02,133.36,1215569.95596,1612051199999.0,2021-01-30,0.6684714299892287,,red,1.0,-0.96,
30,1612051200000.0,132.98579417763952,4987451552.431661,8828348697.121115,0.5649359493534784,133.35,135.06,125.67,129.36,917993.35191,1612137599999.0,2021-01-31,0.6584378804102051,,red,,-3.0,
31,1612137600000.0,129.88478499060517,3884066570.530669,8611596821.687353,0.45102745181347526,129.37,136.63,125.95,132.0,1167609.37029,1612223999999.0,2021-02-01,0.6455428747542784,,red,,2.04,
32,1612224000000.0,132.0810105538993,4710130511.443579,8770352764.869314,0.5370514319914889,131.99,145.82,131.87,141.98,1884558.49538,1612310399999.0,2021-02-02,0.6430902062995872,,green,1.0,7.56,
33,1612310400000.0,142.3155274691981,6000940178.30639,9450818939.918022,0.6349650984170101,141.96,156.7,141.92,155.93,1820822.28924,1612396799999.0,2021-02-03,0.6326219703162248,,green,1.0,9.83,
34,1612396800000.0,155.65789621510964,6593329788.879132,10304402991.747873,0.6398555834975885,155.94,158.68,141.03,145.07,1766938.56965,1612483199999.0,2021-02-04,0.622989621080251,,green,,-6.96,
35,1612483200000.0,144.89680655190602,5826916958.308194,9652677574.523087,0.6036580952095136,145.05,156.93,143.45,155.05,1572009.29596,1612569599999.0,2021-02-05,0.6030169189621523,,green,,6.88,
36,1612569600000.0,154.6357221656558,6320811443.973973,10246105819.517834,0.6168989033798034,155.05,164.27,149.82,155.57,1879526.24312,1612655999999.0,2021-02-06,0.5854649475777413,,green,,0.34,
37,1612656000000.0,155.6337388258637,6575011180.850477,10297390883.071535,0.6385123431275694,155.57,157.29,145.23,150.76,1259975.92894,1612742399999.0,2021-02-07,0.5908529618651329,,green,,-3.09,
38,1612742400000.0,150.65844602220187,5680710052.511812,10051143409.97115,0.56518047955383,150.76,169.38,147.76,167.28,1894490.90608,1612828799999.0,2021-02-08,0.5937932917380853,,green,,10.96,
39,1612828800000.0,167.76675931889818,7171869533.368967,11147204342.01247,0.6433783138198207,167.28,184.49,164.22,181.49,1981149.12366,1612915199999.0,2021-02-09,0.5951292284038965,,green,1.0,8.49,
40,1612915200000.0,181.30295214394792,7996530120.349026,11983254027.726034,0.6673087378309098,181.52,195.17,169.57,181.56,2781973.96254,1613001599999.0,2021-02-10,0.6049202101323294,,green,,0.04,
41,1613001600000.0,181.7331502566511,10013950523.749104,12077826948.37514,0.8291185630123891,181.59,193.59,175.72,183.62,1664189.0877,1613087999999.0,2021-02-11,0.621146290592735,,green,1.0,1.13,
42,1613088000000.0,184.71808630627842,7193183812.097925,12277450046.61745,0.5858858138119416,183.62,199.84,176.75,196.69,1946870.34253,1613174399999.0,2021-02-12,0.6246655550618968,,green,,7.12,
43,1613174400000.0,197.27682028835125,8594797543.679152,13187361623.030052,0.651745041151327,196.71,229.07,191.45,225.76,2843517.28691,1613260799999.0,2021-02-13,0.6163944147121533,,green,1.0,14.78,
44,1613260800000.0,225.73552926329663,12859810483.129694,15007054170.841364,0.8569177092807625,225.77,230.77,208.11,213.49,1765475.48101,1613347199999.0,2021-02-14,0.6372502547069593,,green,1.0,-5.43,
45,1613347200000.0,215.0183512186021,9342256068.822464,14296149144.143295,0.6534805963919107,213.47,219.99,185.31,207.83,2173405.17958,1613433599999.0,2021-02-15,0.6517111936054191,,red,,-2.65,
46,1613433600000.0,207.4452707065562,9494462584.153269,13794079373.608767,0.6882998369806651,208.03,222.48,200.1,210.26,1660812.39786,1613519999999.0,2021-02-16,0.6625146511046458,,green,,1.17,
47,1613520000000.0,210.43305741721016,9029193035.747538,13994235891.816252,0.6452080060353819,210.23,237.75,203.37,237.49,1839179.97093,1613606399999.0,2021-02-17,0.6632462873631011,,green,,12.95,top
48,1613606400000.0,236.55134066811442,10039322859.255548,15732859207.897224,0.6381117841705617,237.39,239.18,221.0,226.59,1580820.71,1613692799999.0,2021-02-18,0.6631217302683134,,green,,-4.59,
49,1613692800000.0,227.34031738197106,9316829643.427412,15121894587.44878,0.6161152353991681,226.58,241.92,220.06,236.5,1402427.87852,1613779199999.0,2021-02-19,0.6640115259961458,,green,,4.37,
50,1613779200000.0,238.10008240054609,8817656448.880142,15839424500.723024,0.5566904560501956,236.45,247.04,214.02,226.65,1701950.27455,1613865599999.0,2021-02-20,0.6597109226154595,,green,,-4.16,
51,1613865600000.0,228.51689027022604,9377508954.164019,15203472513.34081,0.6168004675205221,226.77,233.78,220.06,227.13,1268407.03046,1613951999999.0,2021-02-21,0.6581600743578132,,red,1.0,0.21,
52,1613952000000.0,227.9276594847028,8583312263.390127,15153974921.839952,0.5664066561849612,227.17,227.39,180.0,208.32,2556958.2216,1614038399999.0,2021-02-22,0.6582476584028941,,red,,-8.28,
53,1614038400000.0,208.8775444747129,11191332614.102045,13862481747.567024,0.8073108998730486,208.1,208.8,157.29,177.34,3669737.32689,1614124799999.0,2021-02-23,0.6699571288352676,,red,1.0,-14.87,
54,1614124800000.0,176.2143061894006,11925567814.722942,11684789134.489574,1.0206061639163577,177.35,189.46,169.08,181.43,1827554.60176,1614211199999.0,2021-02-24,0.6951926592699422,,red,1.0,2.31,
55,1614211200000.0,182.2506028893413,8289423345.19059,12077580347.388498,0.6863480189542261,181.43,205.21,175.0,179.36,1961972.0422,1614297599999.0,2021-02-25,0.6849947632657879,,red,,-1.14,
56,1614297600000.0,179.78322183003962,8329073660.067454,11963649830.611225,0.6961983824330907,179.36,182.86,162.74,170.25,2180233.25143,1614383999999.0,2021-02-26,0.6928742324530128,,red,,-5.08,
57,1614384000000.0,170.8958209778042,8779111741.927147,11442259564.295393,0.7672533289947053,170.2,180.48,167.13,171.76,1113606.4401,1614470399999.0,2021-02-27,0.7011248244418254,,red,1.0,0.89,
58,1614470400000.0,173.28321018850752,5956910005.668393,11533650378.829742,0.5164808893984186,171.75,173.42,152.88,165.22,1682228.22219,1614556799999.0,2021-02-28,0.6768079087359439,,red,,-3.81,bottom
59,1614556800000.0,164.36648033423592,6789174655.072285,11051377799.74987,0.6143283469348,165.27,176.46,163.3,175.89,1216268.49518,1614643199999.0,2021-03-01,0.6740113194890073,,red,1.0,6.46,
60,1614643200000.0,176.29510586773412,5433035311.545067,11736789430.309126,0.46290643142278565,175.9,185.32,170.69,179.08,1441741.00235,1614729599999.0,2021-03-02,0.6579117905205873,,green,,1.81,
61,1614729600000.0,178.27577984176898,6334211808.355142,11870420880.44163,0.5336130767521263,179.06,196.49,176.79,187.64,1873295.01116,1614815999999.0,2021-03-03,0.6499407241432119,,green,1.0,4.78,
62,1614816000000.0,188.98233323970769,7652020870.223525,12584125746.759233,0.6080693267225287,187.7,194.4,176.83,180.67,1485337.09208,1614902399999.0,2021-03-04,0.6477948343254952,,green,1.0,-3.71,
63,1614902400000.0,181.8718481796683,6732969105.390483,12111830806.415413,0.5559001948594059,180.66,183.57,168.5,180.23,1182501.69882,1614988799999.0,2021-03-05,0.6434937600012266,,red,,-0.24,
64,1614988800000.0,181.25531412309095,5845657201.513285,12007017930.71789,0.4868533748548985,180.21,184.67,174.68,182.85,935959.9679,1615075199999.0,2021-03-06,0.6385053970587055,,green,,1.45,
65,1615075200000.0,183.23583518307382,5237921765.748469,12245997660.549635,0.42772519732078546,182.86,192.24,182.25,190.75,820418.23901,1615161599999.0,2021-03-07,0.625000020615867,,green,,4.32,
66,1615161600000.0,191.31242004563202,5115616372.09303,12743617675.144302,0.40142575699447947,190.75,195.28,179.58,191.85,1171979.04352,1615247999999.0,2021-03-08,0.6132156706736899,,green,,0.58,
67,1615248000000.0,192.63562437874322,5783796692.135279,12789824942.819717,0.4522185970482994,191.86,205.0,188.92,203.81,1279698.49896,1615334399999.0,2021-03-09,0.5878519347576363,,green,1.0,6.23,
68,1615334400000.0,204.04812640170505,6638691323.569449,13596302956.935503,0.48827180040019913,203.8,208.0,191.47,200.29,1422079.58464,1615420799999.0,2021-03-10,0.5498280516493392,,green,,-1.73,
69,1615420800000.0,200.373529187316,7534197205.693026,13352839248.366346,0.5642393400800356,200.29,203.54,191.03,201.36,981380.1209,1615507199999.0,2021-03-11,0.5411060031583256,,green,1.0,0.53,
70,1615507200000.0,201.22724598715172,6030249810.668763,13397433550.547878,0.45010484940394874,201.37,224.23,198.41,220.84,2081683.73697,1615593599999.0,2021-03-12,0.5235278936562441,,green,,9.67,
71,1615593600000.0,220.9580596914305,9194425066.567572,14765547012.441603,0.6226945103232717,220.8,230.23,212.7,226.06,1330663.68103,1615679999999.0,2021-03-13,0.5132022637511416,,green,1.0,2.36,top
72,1615680000000.0,226.8235603211887,7479943570.600108,15179786845.414158,0.4927568250314274,226.08,228.12,213.84,213.94,806542.74173,1615766399999.0,2021-03-14,0.5115076877249279,,green,,-5.36,
73,1615766400000.0,217.06120791800095,5613570076.323096,14448609800.107845,0.3885197367764196,214.0,222.58,197.56,200.59,1413381.72445,1615852799999.0,2021-03-15,0.4953785012850437,,red,,-6.24,
74,1615852800000.0,200.92130304948006,6913825438.318635,13393811285.786148,0.5161955242460197,200.59,205.53,191.15,201.6,1063051.80222,1615939199999.0,2021-03-16,0.49918486505813187,,red,1.0,0.5,
75,1615939200000.0,201.09913709658724,5983855321.191029,13370807884.081,0.44753132144806895,201.61,206.94,194.13,205.98,885644.66746,1616025599999.0,2021-03-17,0.4930361682506992,,red,,2.17,
76,1616025600000.0,206.70168198053813,5582422617.848363,13782080520.883717,0.4050493399301671,205.96,208.25,199.13,199.7,774419.42586,1616111999999.0,2021-03-18,0.4785347406226733,,red,,-3.05,
77,1616112000000.0,200.8459412732784,4840230463.641326,13393000264.41136,0.36140001255006776,199.72,205.0,195.81,199.96,536877.41275,1616198399999.0,2021-03-19,0.4646418704577206,,red,,0.13,
78,1616198400000.0,200.94127221905256,3990450042.8130865,13370408734.032444,0.2984538559884091,199.96,206.1,198.82,200.17,473637.43878,1616284799999.0,2021-03-20,0.45118476196725704,,red,,0.11,
79,1616284800000.0,200.37440990838013,3952573108.536613,13364415001.053413,0.2957535446351421,200.16,202.0,192.0,195.31,581731.80679,1616371199999.0,2021-03-21,0.44175821534685394,,red,,-2.43,
80,1616371200000.0,195.88001611089337,4081062651.752628,13080246746.931717,0.3120019622496753,195.33,199.0,184.42,185.67,725506.72916,1616457599999.0,2021-03-22,0.43537080143651086,,red,,-4.94,
81,1616457600000.0,187.15184134978873,4659085182.727243,12489121729.545944,0.3730514669982826,185.69,189.44,181.12,185.83,638849.27686,1616543999999.0,2021-03-23,0.42971600643293817,,red,1.0,0.09,
82,1616544000000.0,186.59199183265446,4522463400.817968,12449308448.334675,0.36327025067990276,185.82,197.17,172.0,176.05,1189902.97985,1616630399999.0,2021-03-24,0.4207873243100599,,red,,-5.26,
83,1616630400000.0,176.86385095035234,5172222519.735344,11920888477.360552,0.4338789453116791,176.05,179.03,167.86,171.53,956666.86464,1616716799999.0,2021-03-25,0.41147586754089155,,red,1.0,-2.57,bottom
84,1616716800000.0,171.6507469257749,4795406029.772992,11454761058.00316,0.4186386783181793,171.53,183.82,171.44,183.45,721838.20194,1616803199999.0,2021-03-26,0.409228283891908,,red,,6.95,
85,1616803200000.0,183.4496043791141,4369546760.922716,12203578088.595934,0.35805455819600923,183.44,186.12,177.75,184.06,475886.83873,1616889599999.0,2021-03-27,0.39032543016853216,,green,,0.33,
86,1616889600000.0,184.1248996189021,3903690753.32701,12309475803.593443,0.3171289188600075,184.06,187.29,180.0,184.24,380545.16211,1616975999999.0,2021-03-28,0.37778057972771645,,green,,0.1,
87,1616976000000.0,184.17012219467884,3360375051.8501472,12293800338.088766,0.2733389968469719,184.22,197.6,182.45,193.73,904774.30423,1617062399999.0,2021-03-29,0.36955338401847015,,green,,5.15,
88,1617062400000.0,193.8623951599382,5157616431.055876,12940782960.662046,0.39855520695573227,193.73,200.09,190.34,195.74,932290.6498,1617148799999.0,2021-03-30,0.36115050421202105,,green,1.0,1.04,
89,1617148800000.0,195.7333987399266,5073272481.985069,13065676967.193205,0.3882900591162342,195.71,198.99,187.0,196.7,698229.63786,1617235199999.0,2021-03-31,0.3569189854740329,,green,,0.49,
90,1617235200000.0,196.5051441183434,4220727720.1976953,13117192834.593618,0.32177065424139256,196.69,205.0,194.0,202.86,876741.40869,1617321599999.0,2021-04-01,0.3509705079248347,,green,,3.13,
91,1617321600000.0,202.7400556535758,5521685342.201195,13533388233.860222,0.4080046509259275,202.87,213.77,200.78,211.46,942970.73038,1617407999999.0,2021-04-02,0.35429941066596754,,green,1.0,4.24,
92,1617408000000.0,211.86207537489673,5861433312.257645,14186398806.41722,0.41317274329030035,211.44,217.97,194.85,195.23,956126.60492,1617494399999.0,2021-04-03,0.3624936169018169,,green,,-7.68,
93,1617494400000.0,195.71964933352416,5513990967.657653,13154031597.301912,0.41918638608019265,195.17,204.92,192.22,202.21,565154.10714,1617580799999.0,2021-04-04,0.37131024843360627,,red,,3.58,
94,1617580800000.0,202.57926997654562,4571795180.438586,13522655401.698965,0.33808412953155587,202.24,225.47,198.07,221.48,1329743.7613,1617667199999.0,2021-04-05,0.37317326038231197,,green,,9.53,
95,1617667200000.0,220.1175929036179,7413079976.046483,14693380803.63162,0.504518332105996,221.48,244.59,212.97,237.04,2444849.53403,1617753599999.0,2021-04-06,0.38256375074714866,,green,1.0,7.03,
96,1617753600000.0,237.5590833148832,11548226718.673569,15857642401.330557,0.728243608123273,236.96,242.99,210.77,219.05,2263475.4652,1617839999999.0,2021-04-07,0.408633276278818,,green,1.0,-7.59,
97,1617840000000.0,220.26617134830127,10017158494.614027,14765003095.389482,0.6784393088100322,219.22,228.21,216.89,226.11,1074942.89645,1617926399999.0,2021-04-08,0.42610187367155744,,green,,3.22,
98,1617926400000.0,226.4176743255437,6204546627.068569,15100328479.297188,0.41088818932482896,226.17,228.99,218.72,221.12,688918.8215,1618012799999.0,2021-04-09,0.42554826731488965,,green,,-2.21,
99,1618012800000.0,221.17164050623288,5135001489.413881,14748683447.818895,0.3481667707888374,221.13,257.0,219.16,256.34,1859281.88304,1618099199999.0,2021-04-10,0.42484199678580586,,green,,15.93,
100,1618099200000.0,252.6018714559594,9145062505.46053,16688108796.877014,0.547998734714141,256.55,263.62,244.77,252.31,1890765.80129,1618185599999.0,2021-04-11,0.44133269791824403,,green,1.0,-1.57,
101,1618185600000.0,253.0180296020379,9424288737.022654,16847302144.171495,0.5593945342924289,252.35,259.94,240.01,244.42,1370860.1631,1618271999999.0,2021-04-12,0.46176523630720523,,green,,-3.13,
102,1618272000000.0,244.7248970572653,7550083642.939506,16366203566.369785,0.46132162613777156,244.44,273.54,244.36,267.59,1931888.55344,1618358399999.0,2021-04-13,0.46624855196306514,,green,,9.48,
103,1618358400000.0,266.2693362660043,9481635516.06477,17767587693.07437,0.5336478806158147,267.61,283.0,255.0,278.86,1989435.79148,1618444799999.0,2021-04-14,0.47663125349874946,,green,1.0,4.21,
104,1618444800000.0,278.6547867905345,10863235381.284554,18600879834.538685,0.5840172872421532,278.8,290.9,266.0,285.63,1409760.53776,1618531199999.0,2021-04-15,0.49536315585594665,,green,,2.43,
105,1618531200000.0,286.44997707098076,8996357763.77226,19115102975.37121,0.47064134445749983,285.64,317.09,265.5,308.43,3150447.99928,1618617599999.0,2021-04-16,0.49983720539391613,,green,,7.98,top
106,1618617600000.0,310.7300918317954,15162487576.63037,20798040464.328835,0.7290344300770006,308.39,335.69,296.75,300.86,2574519.6355,1618703999999.0,2021-04-17,0.522398754450109,,green,1.0,-2.45,
107,1618704000000.0,302.36320243653665,14766460912.07151,20312989752.930435,0.7269467021683128,300.87,304.83,231.1,273.36,3346589.56812,1618790399999.0,2021-04-18,0.544381634170689,,red,,-9.14,
108,1618790400000.0,273.61744820850424,16620635797.393055,18330095062.8505,0.9067402946031636,273.35,284.39,250.21,261.38,1973511.87573,1618876799999.0,2021-04-19,0.5849999316758039,,red,1.0,-4.38,
109,1618876800000.0,261.92515569580087,11485534248.092134,17498490056.874878,0.6563728762173768,261.47,272.8,234.31,260.68,2111225.32553,1618963199999.0,2021-04-20,0.5958466848266167,,red,,-0.27,
110,1618963200000.0,261.6300066318854,11775108430.583609,17573459862.733204,0.6700506629064121,260.73,277.0,250.75,257.69,1841080.20554,1619049599999.0,2021-04-21,0.5916900458825552,,red,,-1.15,
111,1619049600000.0,259.8100043463348,9569272073.289333,17391797714.458508,0.5502175353232178,257.63,289.61,239.0,252.5,2858792.51437,1619135999999.0,2021-04-22,0.5825313477763542,,red,,-2.01,
112,1619136000000.0,254.09288406310094,11516485774.028492,16961313522.39041,0.6789854900580505,252.6,257.15,206.89,241.31,2866031.89172,1619222399999.0,2021-04-23,0.6016811549715843,,red,1.0,-4.43,
113,1619222400000.0,240.68226454821024,11103426558.516142,16026173980.072405,0.6928307762241065,241.31,241.41,220.34,224.75,1152968.01885,1619308799999.0,2021-04-24,0.6263000125026751,,red,,-6.86,
114,1619308800000.0,224.98060131731327,6224172780.705517,15017998357.054432,0.4144475603689106,224.76,235.8,210.73,223.88,928460.2198,1619395199999.0,2021-04-25,0.616760642906587,,red,,-0.39,bottom
115,1619395200000.0,223.95240686029445,5111556130.054181,14949363894.457083,0.34192465754007373,223.9,248.2,221.24,247.42,1236470.27391,1619481599999.0,2021-04-26,0.6012270802814189,,green,,10.51,
116,1619481600000.0,246.8408052326986,6912331306.180128,16477219750.20513,0.4195083521960114,247.4,263.15,243.63,259.77,1114182.69248,1619567999999.0,2021-04-27,0.5982404178570074,,green,1.0,4.99,
117,1619568000000.0,258.8552610979973,6412385209.282234,17293720452.383484,0.3707926947783209,259.77,266.94,247.58,258.51,1014038.43734,1619654399999.0,2021-04-28,0.5866079045829008,,green,,-0.49,
118,1619654400000.0,258.9089978311237,6343346986.946193,17282800744.986732,0.3670323508639781,258.5,262.89,248.16,255.31,877558.7853,1619740799999.0,2021-04-29,0.5711089805558883,,green,,-1.24,
119,1619740800000.0,255.7900201528906,5406485449.861107,17074601454.145075,0.31663904216918715,255.31,273.58,252.61,271.13,1037748.69625,1619827199999.0,2021-04-30,0.560108816106723,,green,,6.2,
120,1619827200000.0,271.3599667809417,6181372716.801137,18154917669.62492,0.3404792480630866,271.14,278.58,265.9,276.78,759685.23196,1619913599999.0,2021-05-01,0.5323548745343006,,green,,2.08,
121,1619913600000.0,276.5434067487808,5812912046.562862,18459940118.792027,0.31489333167692013,276.77,277.47,264.7,268.88,656429.21428,1619999999999.0,2021-05-02,0.5029224909277726,,green,,-2.85,
122,1620000000000.0,269.23111963398947,5420663935.012366,17970346781.1532,0.30164492655742225,268.83,299.72,268.44,294.87,1427253.57143,1620086399999.0,2021-05-03,0.4597013932102196,,green,,9.67,
123,1620086400000.0,294.84475436851665,7928769006.31025,19681599261.29483,0.4028518669162572,294.73,327.68,270.0,305.23,3939316.56899,1620172799999.0,2021-05-04,0.4415927496887111,,green,1.0,3.51,
124,1620172800000.0,305.67925482695676,15392147201.933916,20404828326.963787,0.7543384808385815,305.24,360.0,300.52,356.04,3748897.98686,1620259199999.0,2021-05-05,0.4476133081124375,,green,1.0,16.65,
125,1620259200000.0,356.13619971223903,16972716877.321686,23718181496.681618,0.7155994180960424,356.03,364.93,318.0,354.67,2752093.00755,1620345599999.0,2021-05-06,0.45942629973906784,,green,,-0.38,
126,1620345600000.0,354.9212999944689,13396818415.895704,23664720094.5779,0.5661093121893804,354.52,374.5,333.33,344.89,2822668.46597,1620431999999.0,2021-05-07,0.45136371560559135,,green,,-2.76,
127,1620432000000.0,347.3098232910756,13669223521.43906,23183769289.59186,0.5896031551511225,344.89,356.68,334.0,347.1,1327716.1907,1620518399999.0,2021-05-08,0.4439903141003782,,green,,0.64,
128,1620518400000.0,345.64460849160116,9320853097.299402,23072612181.040188,0.4039790997292786,347.17,389.0,333.51,387.8,2292100.05852,1620604799999.0,2021-05-09,0.4432425669118331,,green,,11.73,top
129,1620604800000.0,384.67161849012064,13143082498.265213,25677759329.75753,0.5118469384138947,387.77,413.49,333.68,358.89,3830553.73813,1620691199999.0,2021-05-10,0.4553798726885345,,green,1.0,-7.45,
130,1620691200000.0,361.76524540354876,16906457633.414602,24148703618.438572,0.7000979390258364,358.93,379.72,345.0,377.6,2031121.35038,1620777599999.0,2021-05-11,0.475421986033522,,green,1.0,5.21,
131,1620777600000.0,377.68877917596234,12331441844.622047,25211637945.36449,0.4891170447293114,377.8,394.37,301.0,310.4,2537826.91562,1620863999999.0,2021-05-12,0.48387372531573564,,red,,-17.8,
132,1620864000000.0,308.5737448416146,11553514406.847614,20598042524.232872,0.5609035127126916,310.4,332.73,291.0,317.95,2979065.55728,1620950399999.0,2021-05-13,0.4977216654477866,,red,1.0,2.43,
133,1620950400000.0,316.6895287465786,13450956916.849869,21139790695.57434,0.6362861917864615,317.95,338.85,307.96,326.23,1482325.51445,1621036799999.0,2021-05-14,0.5205536047061634,,red,1.0,2.6,
134,1621036800000.0,326.4188068850081,8487732800.43978,21789243502.806282,0.38953774596840074,326.24,332.0,296.17,300.3,1486176.50537,1621123199999.0,2021-05-15,0.5240577831279716,,red,,-7.95,
135,1621123200000.0,299.0742818754341,8086341174.665888,19963930434.64082,0.40504755319296787,300.22,323.95,279.66,295.89,1693568.12752,1621209599999.0,2021-05-16,0.5304973703791178,,red,,-1.47,
136,1621209600000.0,297.556124675502,8372551747.2357,19862589775.93143,0.42152367046220585,295.89,296.34,261.27,281.53,2079261.84526,1621295999999.0,2021-05-17,0.539060137800888,,red,,-4.85,
137,1621296000000.0,283.66511206392664,9175389769.956842,18997038698.23222,0.4829905289823231,281.38,317.97,278.32,293.98,2558765.69804,1621382399999.0,2021-05-18,0.5447843279484642,,red,1.0,4.42,
138,1621382400000.0,295.49223487547397,10549941954.714018,19724820148.48588,0.5348561799446295,293.98,300.31,147.0,185.93,6731555.34383,1621468799999.0,2021-05-19,0.5291070207417533,,red,1.0,-36.75,
139,1621468800000.0,190.7118310810107,14027881944.549505,12730475201.308187,1.101913457488845,186.31,225.0,166.45,210.74,4269465.92695,1621555199999.0,2021-05-20,0.5567008806983821,True,red,1.0,13.34,
140,1621555200000.0,210.3438647349737,10764171123.465185,14040960849.557564,0.7666263896608164,210.66,219.12,156.56,179.97,2998819.79591,1621641599999.0,2021-05-21,0.571023529089199,,red,,-14.6,
141,1621641600000.0,178.9349876942463,8396531199.306979,11944342469.872091,0.7029714042850025,179.97,184.44,161.61,169.32,1983438.52337,1621727999999.0,2021-05-22,0.5791212611701904,,red,,-5.92,
142,1621728000000.0,169.8961627926336,6428640847.858953,11340979083.307632,0.5668506043998469,169.3,176.26,118.03,142.39,3854006.12408,1621814399999.0,2021-05-23,0.5907549400752309,,red,,-15.9,bottom
143,1621814400000.0,143.98704887035507,8166359721.55114,9611483171.041302,0.8496461551486442,142.52,185.37,139.54,185.32,2491240.93285,1621900799999.0,2021-05-24,0.6148834555562844,,red,1.0,30.15,
144,1621900800000.0,183.36560137477522,7202332068.533058,12240096630.832302,0.5884211771981177,185.32,194.61,167.15,183.76,1974384.43463,1621987199999.0,2021-05-25,0.6069065439971617,,green,,-0.84,
145,1621987200000.0,182.38264246486025,6230654416.931949,12174481750.226068,0.5117798477800709,183.89,204.13,179.42,198.91,1540975.47323,1622073599999.0,2021-05-26,0.6085253156436445,,green,,8.24,top
146,1622073600000.0,199.14564781176136,5768733478.185078,13293452831.666069,0.43395298055622483,198.92,209.0,180.39,194.32,1457775.38448,1622159999999.0,2021-05-27,0.5994574204896111,,green,,-2.31,
147,1622160000000.0,193.6718954334085,5416130299.496948,12928066643.951668,0.41894356276627476,194.31,198.88,165.5,177.33,2118247.13851,1622246399999.0,2021-05-28,0.5839329469881693,,red,,-8.74,
148,1622246400000.0,176.4765715413097,5925457217.470074,11772587439.235636,0.5033266686745288,177.3,188.69,157.65,164.01,1554075.0432,1622332799999.0,2021-05-29,0.5920607271814642,,red,1.0,-7.51,bottom
149,1622332800000.0,164.68901382262814,5413961215.550292,11080526075.170912,0.4886014597882515,164.04,181.1,155.11,170.51,1123365.50693,1622419199999.0,2021-05-30,0.5980288633668416,,red,,3.96,
150,1622419200000.0,170.872043179641,4160362295.298566,11406121455.418587,0.3647482022315435,170.48,188.5,163.5,187.97,1242054.05369,1622505599999.0,2021-05-31,0.5939734727789371,,green,,10.24,
151,1622505600000.0,187.46618451447392,4865805841.808227,12513820456.32828,0.3888345576628097,188.01,193.16,175.82,182.99,1081241.44408,1622591999999.0,2021-06-01,0.5872480462561148,,green,,-2.65,
152,1622592000000.0,183.1496902695035,4336081872.4062,12225684043.23473,0.35466987835381186,183.05,191.34,178.27,187.14,976844.03214,1622678399999.0,2021-06-02,0.5743775961424848,,green,,2.27,
153,1622678400000.0,188.0478628206549,4236639177.629152,12546752972.990368,0.3376681749253727,187.18,197.78,181.95,193.5,1079806.82442,1622764799999.0,2021-06-03,0.5197886473879512,,green,,3.4,top
154,1622764800000.0,194.22958640038814,4414448111.465482,12965293862.550978,0.340481917206381,193.52,193.81,168.95,178.44,1130262.18071,1622851199999.0,2021-06-04,0.4893497564983486,,red,,-7.78,
155,1622851200000.0,179.20742035380832,4377617790.434677,11962528007.690702,0.36594420406960043,178.46,185.49,167.32,172.94,846082.98073,1622937599999.0,2021-06-05,0.46527638505439134,,red,,-3.08,
156,1622937600000.0,172.8465357041407,3695237990.8848996,11482258483.885967,0.3218215298036307,172.95,179.96,172.02,176.41,677386.36378,1623023999999.0,2021-06-06,0.4477743082975188,,red,,2.01,
157,1623024000000.0,176.25219239541119,3395634024.403883,11765259406.024317,0.2886153128646847,176.42,182.22,160.25,161.95,1035822.82509,1623110399999.0,2021-06-07,0.4077006767058074,,red,,-8.2,
158,1623110400000.0,160.83800409113186,3694077763.6497273,10736325118.918827,0.3440728296445003,161.92,164.48,144.89,160.63,1417289.87647,1623196799999.0,2021-06-08,0.39024722330912043,,red,1.0,-0.82,bottom
159,1623196800000.0,161.01685097358848,4430852098.213865,10748263580.151356,0.4122388760912272,160.64,173.3,152.31,172.56,1139739.36054,1623283199999.0,2021-06-09,0.3831371539027745,,red,1.0,7.43,
160,1623283200000.0,172.68540133195464,4624100106.642941,11530249363.662664,0.4010407720422504,172.54,174.61,162.12,168.16,878866.63371,1623369599999.0,2021-06-10,0.380786281866062,,green,,-2.55,
161,1623369600000.0,168.00072493291285,3657466913.315778,11214454029.607391,0.3261386513921822,168.18,173.78,160.55,162.83,928611.54446,1623455999999.0,2021-06-11,0.37415735962505536,,red,,-3.17,
162,1623456000000.0,162.4583570397106,3348084233.2496743,10844487590.603582,0.3087360472569204,162.84,164.3,154.14,161.8,653167.31003,1623542399999.0,2021-06-12,0.3602580295237976,,red,,-0.63,
163,1623542400000.0,162.0647476247141,3191505346.431204,10818213211.776577,0.29501224314538094,161.81,171.59,156.42,170.85,573493.90783,1623628799999.0,2021-06-13,0.3464302283350212,,green,,5.59,
164,1623628800000.0,171.35388638497415,2946030261.2988696,11438285652.792406,0.25755872433380445,170.85,179.99,166.34,179.89,802051.95645,1623715199999.0,2021-06-14,0.33877383705661124,,green,,5.29,top
165,1623715200000.0,179.4399153620851,3536705802.848562,11978047610.855953,0.29526563240933956,179.88,181.2,172.15,175.15,654352.05304,1623801599999.0,2021-06-15,0.3320903423956491,,green,1.0,-2.63,
166,1623801600000.0,175.94146679833224,3395011250.339102,11767803245.935764,0.2885000011800532,175.16,177.31,164.23,166.57,761479.45263,1623887999999.0,2021-06-16,0.3273639225975234,,red,,-4.9,
167,1623888000000.0,165.46280612733372,2981341232.282925,11039755084.800686,0.2700550156576912,166.56,173.4,162.81,167.08,559434.62367,1623974399999.0,2021-06-17,0.3225344112212604,,red,,0.31,
168,1623974400000.0,166.9457542673816,2644116373.4497004,11081773550.25777,0.2386004696322455,167.13,167.43,151.2,156.34,800699.30384,1624060799999.0,2021-06-18,0.3152571649659651,,red,,-6.43,
169,1624060800000.0,156.0924291679616,2780196235.4846964,10419546534.533535,0.26682507019574064,156.33,160.88,152.31,152.49,523073.02283,1624147199999.0,2021-06-19,0.308177226832118,,red,1.0,-2.46,
170,1624147200000.0,153.16409426458608,2326430136.849513,10232048457.27845,0.2273669975824473,152.51,156.18,143.75,154.88,611253.37603,1624233599999.0,2021-06-20,0.30143047453060484,,red,,1.57,
171,1624233600000.0,155.13342643666627,2686079286.8768854,10355530786.692722,0.25938595927198693,154.87,155.5,123.91,124.46,1492819.3793,1624319999999.0,2021-06-21,0.2993426635596979,,red,1.0,-19.64,
172,1624320000000.0,125.99259118847003,3689385295.475691,8511450086.589944,0.43346142642467383,124.38,133.03,104.92,119.64,2255757.11457,1624406399999.0,2021-06-22,0.30572756332971024,,red,1.0,-3.87,bottom
173,1624406400000.0,119.10841716268864,4635359951.70964,7914304732.335883,0.5856938933335117,119.69,133.75,115.49,129.1,1020444.64312,1624492799999.0,2021-06-23,0.3181172074184449,,red,1.0,7.91,
174,1624492800000.0,128.8574341691629,3334966578.167712,8601544859.04922,0.3877171639300555,129.13,137.36,123.71,134.58,660335.54019,1624579199999.0,2021-06-24,0.3171655211247167,,green,,4.24,
175,1624579200000.0,134.2903570787059,2679480784.468714,8965652331.314917,0.29886066127167543,134.59,138.45,124.31,125.0,764515.33892,1624665599999.0,2021-06-25,0.31521709325896613,,green,,-7.12,
176,1624665600000.0,127.62928822114783,2792556314.000456,8519563151.641921,0.32778163202678584,125.03,129.44,118.67,126.89,871924.09227,1624751999999.0,2021-06-26,0.3165774921710995,,red,,1.51,
177,1624752000000.0,125.78401171528697,2934669070.999663,8396386489.427196,0.349515720208333,126.81,132.67,124.66,132.6,573388.24688,1624838399999.0,2021-06-27,0.320470597675596,,green,,4.5,
178,1624838400000.0,131.98895668696483,2639068235.587026,8810581548.221802,0.29953394349089896,132.57,139.55,129.89,137.69,703645.47159,1624924799999.0,2021-06-28,0.3234688276153884,,green,,3.84,
179,1624924800000.0,137.79527695877204,2744348970.7940316,9171444374.184813,0.29922756534604816,137.68,149.18,137.24,144.2,898148.69711,1625011199999.0,2021-06-29,0.32375182282515336,,green,,4.73,
180,1625011200000.0,144.07760228365188,3077975447.758254,9660898044.134378,0.3186013798817646,144.23,146.94,136.01,144.26,629619.41847,1625097599999.0,2021-06-30,0.32590192130384704,,green,,0.04,
181,1625097600000.0,144.40196945117387,2678677095.1950464,9639134229.668383,0.2778960258640575,144.31,144.31,133.99,137.02,539535.2997,1625183999999.0,2021-07-01,0.32646199346144467,,green,,-5.02,
182,1625184000000.0,138.13808637459368,2324474732.1354876,9221651540.863,0.2520670751692656,137.01,138.97,130.6,136.85,467041.14947,1625270399999.0,2021-07-02,0.3274238938569461,,red,,-0.12,
183,1625270400000.0,137.5266046447976,2196980065.360166,9099994524.142696,0.24142652608542553,136.87,141.37,134.57,140.17,351451.49767,1625356799999.0,2021-07-03,0.3256097121347807,,green,,2.43,
184,1625356800000.0,140.31079503828755,1749053218.2810442,9366084351.379349,0.18674326993686108,140.19,148.1,136.88,144.95,443949.92264,1625443199999.0,2021-07-04,0.3227080173029532,,green,,3.41,top
185,1625443200000.0,145.48302674896732,2204653837.4414206,9711343306.500273,0.22701842246332068,144.96,145.03,133.84,137.71,561680.84949,1625529599999.0,2021-07-05,0.3203960503880484,,green,1.0,-4.99,
186,1625529600000.0,138.41518025406407,2328315717.0710187,9239547487.541367,0.2519945614447598,137.76,142.73,135.6,138.87,530800.52733,1625615999999.0,2021-07-06,0.3074341314609117,,red,1.0,0.84,
187,1625616000000.0,138.5634001637092,2270600383.003129,9249441524.38943,0.24548513302299244,138.86,142.93,136.87,137.41,520913.20131,1625702399999.0,2021-07-07,0.283133505724446,,red,,-1.05,
188,1625702400000.0,137.75683223258153,2180673630.324603,9195601167.515974,0.23714312861109796,137.38,137.74,127.77,132.15,645442.57112,1625788799999.0,2021-07-08,0.2723782174873776,,red,,-3.83,bottom
189,1625788800000.0,132.18260318024963,2162045718.3734846,8825310242.238207,0.24498240390755524,132.11,135.85,126.0,134.58,527547.82163,1625875199999.0,2021-07-09,0.26852977053279764,,red,,1.84,
190,1625875200000.0,135.1155296389191,1902363514.351356,9013459284.3449,0.21105809149828764,134.54,136.82,130.32,133.99,365844.86832,1625961599999.0,2021-07-10,0.260192374780762,,red,,-0.44,
191,1625961600000.0,134.31769277878755,1457367366.7628796,8966030305.120094,0.16254321223191082,133.99,136.48,132.08,134.28,324968.57149,1626047999999.0,2021-07-11,0.246837195639589,,green,,0.22,top
192,1626048000000.0,134.2031777449341,1381852594.8126454,8957040569.707262,0.15427557618596427,134.28,139.75,131.82,133.38,670917.62355,1626134399999.0,2021-07-12,0.23646159797495078,,green,,-0.67,
193,1626134400000.0,133.8237508866662,1935700636.277134,8925932988.91042,0.21686255528492637,133.32,134.61,129.35,131.44,454856.67168,1626220799999.0,2021-07-13,0.23057838297058497,,red,1.0,-1.45,
194,1626220800000.0,131.23261821822342,1585020196.351934,8763316594.18586,0.1808699000334573,131.45,132.42,123.59,131.07,538916.43958,1626307199999.0,2021-07-14,0.2207404201242773,,red,,-0.28,
195,1626307200000.0,131.21232187326024,1628767329.733012,8758739299.210312,0.18595910599598067,131.06,133.13,121.93,125.86,494375.7243,1626393599999.0,2021-07-15,0.21417349727655752,,red,,-3.97,
196,1626393600000.0,125.52687357315457,1508867863.978678,8403184173.191431,0.17955906152722434,125.88,127.87,120.38,120.65,422183.01506,1626479999999.0,2021-07-16,0.20899435344498316,,red,,-4.14,
197,1626480000000.0,121.24810733694065,1388188363.4048202,8118858100.698688,0.1709832030794277,120.66,122.92,117.68,119.95,425298.69428,1626566399999.0,2021-07-17,0.2039626875159833,,red,,-0.58,
198,1626566400000.0,120.19122490490288,1317135278.5400891,8023054465.964244,0.1641688067964263,120.0,124.05,116.23,119.17,430985.21457,1626652799999.0,2021-07-18,0.2023502258630951,,red,,-0.65,
199,1626652800000.0,119.97908163674099,1299478363.4498324,7984291728.186319,0.16275436916494243,119.16,120.75,111.82,113.13,493082.96266,1626739199999.0,2021-07-19,0.19775993634178238,,red,,-5.07,
200,1626739200000.0,113.66858658774687,1318897963.8550138,7634541204.182109,0.1727540566723954,113.14,115.09,103.83,107.29,766236.24738,1626825599999.0,2021-07-20,0.1920999002866135,,red,,-5.16,bottom
201,1626825600000.0,107.82353395941787,1594709249.62383,7197481233.373025,0.22156490554355862,107.31,119.24,105.05,117.74,682039.47283,1626911999999.0,2021-07-21,0.1903913126095111,,red,1.0,9.74,
202,1626912000000.0,118.24795114382209,1770138958.9477773,7866951800.433402,0.22500950861936864,117.77,122.0,115.61,120.67,464759.47146,1626998399999.0,2021-07-22,0.1895246254672447,,green,,2.49,
203,1626998400000.0,121.10550765969118,1422550728.1290965,8077469395.050521,0.1761134160410148,120.69,124.78,117.02,124.24,404160.06952,1627084799999.0,2021-07-23,0.1846054120482061,,green,,2.96,
204,1627084800000.0,124.2342238711515,1349797069.533161,8286163795.152425,0.16289770548861462,124.27,127.7,123.29,125.99,432891.78019,1627171199999.0,2021-07-24,0.1811653844760866,,green,,1.41,
205,1627171200000.0,125.71866893668708,1261581789.7927198,8387276967.407461,0.15041613561769376,126.0,127.99,123.51,127.68,392963.87036,1627257599999.0,2021-07-25,0.1802991647179282,,green,,1.34,
206,1627257600000.0,128.37733378607533,1465470007.8317134,8557832144.367151,0.17124313530691299,127.64,140.47,126.85,131.06,1052092.77379,1627343999999.0,2021-07-26,0.18151113322656745,,green,1.0,2.65,
207,1627344000000.0,130.95824543918272,2517126156.487427,8741779083.764177,0.2879420919206714,131.06,135.12,127.27,134.74,607384.02252,1627430399999.0,2021-07-27,0.1865882429862635,,green,1.0,2.81,
208,1627430400000.0,133.69226045951567,1921260048.3200898,8912475331.991972,0.21556974653535235,134.73,142.0,132.39,140.42,729936.12774,1627516799999.0,2021-07-28,0.18906680345068458,,green,,4.22,
209,1627516800000.0,140.05207883476075,2129228386.6332877,9348814420.119675,0.22775384032128765,140.48,143.0,136.55,141.44,542641.00192,1627603199999.0,2021-07-29,0.19205214161677794,,green,,0.73,
210,1627603200000.0,141.5713332527159,1793464124.6564934,9450228320.781353,0.18977997819508854,141.44,145.88,135.86,145.51,605847.24082,1627689599999.0,2021-07-30,0.19278220709305396,,green,,2.88,top
211,1627689600000.0,145.8541556975912,1806024558.0415397,9736551488.51875,0.18548913957587418,145.51,146.6,141.83,144.37,388737.61543,1627775999999.0,2021-07-31,0.19381834541422868,,green,,-0.78,
212,1627776000000.0,145.28828035046652,1405878074.2070873,9708449336.08721,0.14480974515480116,144.35,149.78,138.04,140.31,584699.77102,1627862399999.0,2021-08-01,0.1924355552969698,,green,,-2.81,
213,1627862400000.0,140.80678209368656,1684525298.8059835,9358409105.737215,0.1800012459140387,140.31,145.93,138.76,141.35,419849.68249,1627948799999.0,2021-08-02,0.1936674750647623,,red,1.0,0.74,
214,1627948800000.0,141.67155315732666,1623628156.3728802,9456946575.707258,0.17168629888886242,141.32,143.24,135.6,138.49,402821.08451,1628035199999.0,2021-08-03,0.19359120665165283,,red,,-2.02,bottom
215,1628035200000.0,138.55919653556384,1523803552.9333727,9286551471.933895,0.1640871272332533,138.49,144.5,135.54,142.57,486488.33119,1628121599999.0,2021-08-04,0.1894856510580596,,red,,2.95,
216,1628121600000.0,142.7558527011646,1576458971.9509695,9551279815.204298,0.16505211892561958,142.57,145.19,136.12,143.53,615027.38819,1628207999999.0,2021-08-05,0.18520298036564897,,green,,0.67,
217,1628208000000.0,143.33057178225835,1764040351.1347475,9589445531.089306,0.1839564493500348,143.51,150.9,141.73,147.95,685973.67511,1628294399999.0,2021-08-06,0.18576319703057895,,green,1.0,3.08,
218,1628294400000.0,147.93392371072537,1991988407.9682708,9877354742.544098,0.2016722553649214,147.93,156.39,147.06,155.92,878574.53896,1628380799999.0,2021-08-07,0.18853280773602946,,green,,5.39,
219,1628380800000.0,155.85634289080252,2416855661.4896226,10406187412.487293,0.23225179075570235,155.92,157.63,147.0,149.69,700140.23658,1628467199999.0,2021-08-08,0.19437821167445862,,green,1.0,-4.0,
220,1628467200000.0,149.52742958363368,2104942346.9020503,9981346866.47305,0.21088760615788923,149.69,170.78,145.15,166.31,1165618.32076,1628553599999.0,2021-08-09,0.1972099595923855,,green,,11.1,
221,1628553600000.0,166.36742842205203,3088150795.830364,11100739090.691969,0.2781932599803013,166.27,168.28,158.79,165.38,894686.73503,1628639999999.0,2021-08-10,0.19651361445378762,,green,1.0,-0.56,
222,1628640000000.0,165.72075047760234,2756223824.305392,11034249932.49583,0.24978805457254702,165.38,176.07,164.23,170.6,914647.0176,1628726399999.0,2021-08-11,0.19895777931358724,,green,,3.16,
223,1628726400000.0,171.0906980431037,2701054560.223835,11420751413.639864,0.23650410226055277,170.57,179.74,160.77,165.38,987267.21224,1628812799999.0,2021-08-12,0.19958279802353476,,green,,-3.06,
224,1628812800000.0,165.45903474558477,2667551798.05477,11035052205.051607,0.2417344067329036,165.41,184.57,164.0,183.31,1122682.76822,1628899199999.0,2021-08-13,0.2032938286333787,,green,,10.84,
225,1628899200000.0,183.51082956106092,2851759419.0041957,12256846299.426054,0.2326666541570105,183.32,185.11,174.62,182.76,944596.30069,1628985599999.0,2021-08-14,0.20666365110345986,,green,,-0.3,
226,1628985600000.0,182.37224930761167,2559350873.92189,12207380592.269388,0.20965602363070904,182.78,186.55,175.18,184.6,948648.90733,1629071999999.0,2021-08-15,0.21129552813745328,,green,,1.01,top
227,1629072000000.0,184.51942818679902,2534932086.1779027,12299559504.833681,0.2060994204858868,184.59,189.03,176.35,177.93,898330.4154,1629158399999.0,2021-08-16,0.21315968346401387,,green,,-3.61,
228,1629158400000.0,178.55215295507665,2522211734.2410336,12044822922.647083,0.20940214318125722,177.96,184.38,168.01,168.61,781038.75082,1629244799999.0,2021-08-17,0.21585367234204206,,red,,-5.24,
229,1629244800000.0,168.39445289264123,2131817489.15259,11240770000.472057,0.18965048560401682,168.6,174.54,162.92,166.65,694819.54486,1629331199999.0,2021-08-18,0.2176796265113823,,red,,-1.16,bottom
230,1629331200000.0,168.1720164917863,1922409410.748841,11225921789.1516,0.17124735472561378,166.64,175.82,162.66,175.59,682216.29479,1629417599999.0,2021-08-19,0.21812214335423905,,red,,5.36,
231,1629417600000.0,174.80180296053743,1839468802.260428,11509075324.49982,0.1598276794960824,175.57,184.11,174.11,183.59,708140.15383,1629503999999.0,2021-08-20,0.21639865979324244,,green,,4.56,
232,1629504000000.0,183.2708294533336,1837465861.6324189,12209613196.349447,0.15049337207355618,183.59,184.48,176.52,179.63,644225.29965,1629590399999.0,2021-08-21,0.21274302527243066,,green,,-2.16,
233,1629590400000.0,180.24652136301282,1624853593.7430768,12055320164.0744,0.134783114146171,179.57,189.6,178.38,185.91,935874.98336,1629676799999.0,2021-08-22,0.2057809769431784,,green,,3.5,
234,1629676800000.0,185.57933268149694,2108165260.9256732,12396744160.233543,0.17005797923040766,185.85,191.94,183.61,187.01,877311.28336,1629763199999.0,2021-08-23,0.20286457501978686,,green,1.0,0.59,top
235,1629763200000.0,187.04851414210248,2076516806.6442044,12485977360.203775,0.16630791060559114,186.98,188.64,172.25,173.42,780692.69421,1629849599999.0,2021-08-24,0.1948727643501647,,red,,-7.27,
236,1629849600000.0,173.7467616491553,1949349383.2540514,11642596607.39695,0.1674325280681426,173.39,179.0,169.06,177.75,617983.0803,1629935999999.0,2021-08-25,0.18899022674270727,,red,,2.5,
237,1629936000000.0,178.02832560623148,1712750334.7468586,11883856192.012661,0.14412412158757246,177.76,180.18,164.9,167.7,568905.75324,1630022399999.0,2021-08-26,0.18239165669463722,,red,,-5.65,bottom
238,1630022400000.0,169.5180560081577,1930035470.078196,11315773446.110418,0.1705615156816001,167.7,176.35,165.0,176.2,456121.02531,1630108799999.0,2021-08-27,0.17730787876240126,,red,1.0,5.07,top
239,1630108800000.0,175.83486006887645,2657520591.422942,11747791807.570658,0.22621447800175942,176.2,177.1,171.3,175.6,316185.26963,1630195199999.0,2021-08-28,0.17684700903702621,,green,1.0,-0.34,
240,1630195200000.0,175.64062407803442,2110524159.6448045,11724470872.323118,0.18001018405247823,175.7,182.6,173.1,174.3,547343.58554,1630281599999.0,2021-08-29,0.17472944906715254,,green,,-0.74,
241,1630281600000.0,174.98879456122884,2285728184.809266,11680959547.858044,0.19567983053484708,174.4,176.5,166.5,167.3,468119.396,1630367999999.0,2021-08-30,0.1739851926420783,,red,,-4.02,bottom
242,1630368000000.0,167.95684016784602,2264146083.5081596,11187356992.431515,0.20238435986622244,167.4,175.4,165.6,171.5,553621.007,1630454399999.0,2021-08-31,0.17348392240529012,,red,,2.51,
243,1630454400000.0,171.77547863534423,2189172521.914135,11475429430.682352,0.19077042259184215,171.6,182.8,168.5,180.9,692302.294,1630540799999.0,2021-09-01,0.17356391790442047,,green,,5.48,
244,1630540800000.0,181.11743498435027,2774015017.4297585,12088044122.03615,0.22948419028127226,180.9,187.9,179.4,183.3,683639.85445,1630627199999.0,2021-09-02,0.1777236918726818,,green,1.0,1.33,
245,1630627200000.0,183.83166664069432,2654117926.197442,12271244378.987486,0.2162875943325021,183.4,217.7,179.8,212.9,2071663.63126,1630713599999.0,2021-09-03,0.18175654293242602,,green,,16.15,
246,1630713600000.0,212.3519400527542,5753472753.106617,14175047195.936176,0.4058873789680271,212.9,225.2,208.4,211.9,1448417.53392,1630799999999.0,2021-09-04,0.19999897199631686,,green,1.0,-0.47,
247,1630800000000.0,213.21880325244888,4382080698.721429,14232912580.942972,0.30788362352402665,212.0,232.56,210.5,232.2,1007949.97992,1630886399999.0,2021-09-05,0.21236329409473512,,green,,9.58,top
248,1630886400000.0,229.3239438418851,3751401946.513961,15307972822.425728,0.24506196803656902,232.2,232.3,214.8,219.4,1001710.493,1630972799999.0,2021-09-06,0.21772072186660377,,green,,-5.51,
249,1630972800000.0,220.10328853325717,3797512105.4941173,14692469973.029627,0.2584665554848883,219.4,221.9,162.1,178.5,2026882.59263,1631059199999.0,2021-09-07,0.22430348221512503,,red,,-18.64,
250,1631059200000.0,178.4445909458318,4841380209.404615,11895604543.560871,0.4069890009940916,178.4,189.0,169.3,179.7,1419232.641,1631145599999.0,2021-09-08,0.24141465885269278,,red,1.0,0.67,
251,1631145600000.0,179.3006525594279,4555784101.837267,12015537429.12473,0.3791577471012158,179.7,188.6,176.5,180.5,896655.718,1631231999999.0,2021-09-09,0.2582027749608102,,red,,0.45,
252,1631232000000.0,180.86431975960545,2915923407.4194803,12073166216.500729,0.24152101902102593,180.5,187.4,170.7,174.1,721100.842,1631318399999.0,2021-09-10,0.2632713109136263,,red,,-3.55,bottom
253,1631318400000.0,173.8959910922053,2534713363.703875,11599982350.680834,0.21851010519469505,174.1,186.2,173.4,178.6,551963.071,1631404799999.0,2021-09-11,0.26272099857026454,,red,,2.58,
254,1631404800000.0,178.74764607286275,2227645427.1906786,11931872713.834728,0.1866970492073533,178.6,186.2,175.1,183.0,564714.696,1631491199999.0,2021-09-12,0.2631986317956128,,green,,2.46,
255,1631491200000.0,183.4489073132636,2474946596.8173027,12245694193.151337,0.20210749654368054,183.1,240.0,170.7,179.4,5437062.6741,1631577599999.0,2021-09-13,0.2636577507962437,,green,,-1.97,
256,1631577600000.0,180.18020711088525,8617431878.868057,12026057255.3403,0.7165633503899538,179.4,189.0,176.1,183.1,1091279.997,1631663999999.0,2021-09-14,0.30038482154793883,,red,1.0,2.06,
257,1631664000000.0,183.2460085966746,3401564791.4576836,12229424489.746922,0.27814594172518387,183.0,192.1,179.6,189.0,745508.059,1631750399999.0,2021-09-15,0.30662593005746325,,green,,3.22,top
258,1631750400000.0,188.99992857014865,2990353969.084617,12616239375.27891,0.2370241939879576,189.1,195.4,181.5,185.2,935286.231,1631836799999.0,2021-09-16,0.30716450175079796,,green,,-2.01,
259,1631836800000.0,185.88956312352107,3771083978.297083,12408614349.618195,0.3039085486940866,185.2,190.5,177.5,180.0,566767.069,1631923199999.0,2021-09-17,0.31342314134805394,,red,1.0,-2.81,
260,1631923200000.0,180.05673784606748,3395504379.5254135,12067636758.159355,0.2813727697951791,180.0,185.8,177.9,181.4,372409.224,1632009599999.0,2021-09-18,0.30452924069285053,,red,,0.78,
261,1632009600000.0,181.66198761002045,2172816986.038738,12126412631.030792,0.17918052536647353,181.3,181.7,172.5,175.6,364865.775,1632095999999.0,2021-09-19,0.29533616225302534,,red,,-3.2,
262,1632096000000.0,176.03197327594566,2132856602.6768675,11755609272.269262,0.18143309744975458,175.6,176.0,153.3,157.2,1300459.67767,1632182399999.0,2021-09-20,0.2907912429253957,,red,,-10.48,
263,1632182400000.0,157.48604063802327,3113313353.8233466,10512604962.26462,0.2961505131219806,157.2,162.3,144.7,148.5,988169.63393,1632268799999.0,2021-09-21,0.29348295418518794,,red,1.0,-5.53,
264,1632268800000.0,146.98852658065172,2617744216.947601,9778752348.494122,0.2676971584571032,148.6,161.8,145.3,161.4,822665.566,1632355199999.0,2021-09-22,0.28353353686111743,,red,,8.69,
265,1632355200000.0,160.90906687722006,2448345122.8087797,10731293840.46711,0.22815004035917896,161.4,165.0,157.1,163.9,559513.522,1632441599999.0,2021-09-23,0.27274727209382904,,green,,1.55,
266,1632441600000.0,164.32758105439206,2153613635.436473,10972485278.468178,0.1962740054582356,163.9,166.6,141.6,152.1,1236046.28455,1632527999999.0,2021-09-24,0.26951534255362974,,red,,-7.2,
267,1632528000000.0,151.95202891837235,3067752227.3311872,10200662930.252695,0.30074047621287214,152.0,155.9,148.8,151.0,622457.078,1632614399999.0,2021-09-25,0.27538894048349954,,red,1.0,-0.72,
268,1632614400000.0,151.9076669813909,2758915259.2520385,10132388187.20556,0.2722867707275364,150.9,153.4,141.9,150.7,837958.065,1632700799999.0,2021-09-26,0.28150249202065547,,red,,-0.2,
269,1632700800000.0,150.65607266892263,3278492460.160436,10219843342.92489,0.3207967431741611,150.7,154.9,144.8,145.0,463173.188,1632787199999.0,2021-09-27,0.28998029535140407,,red,1.0,-3.78,
270,1632787200000.0,145.06085540315584,2627449641.8682165,9748921903.219854,0.26951181555782366,145.0,149.0,140.0,140.6,551914.7719,1632873599999.0,2021-09-28,0.2580480428633948,,red,,-3.03,bottom
271,1632873600000.0,140.40612536172182,2714402314.2967153,9372475961.870188,0.2896142199072744,140.5,150.4,139.7,144.7,505249.15568,1632959999999.0,2021-09-29,0.258867205590687,,red,,2.92,
272,1632960000000.0,145.03338884320144,2500219981.975202,9681357897.310526,0.2582509611249638,144.8,154.5,143.9,153.3,505878.24,1633046399999.0,2021-09-30,0.26038340324333026,,green,,5.94,
273,1633046400000.0,153.1453759499212,2404772315.829891,10228958668.177526,0.23509453834349542,153.2,168.1,151.1,166.2,701432.917,1633132799999.0,2021-10-01,0.2554681167897166,,green,,8.41,
274,1633132800000.0,166.03298444923087,2943230546.085889,11077015406.904276,0.2657060984361709,166.1,172.8,164.4,168.9,427845.773,1633219199999.0,2021-10-02,0.25434906883550173,,green,1.0,1.62,
275,1633219200000.0,169.65830733575754,2859712957.102274,11659851024.782589,0.2452615347335106,168.9,175.0,165.7,170.5,437060.787,1633305599999.0,2021-10-03,0.25906914093314726,,green,,0.95,
276,1633305600000.0,170.96527037444142,2912326781.574752,11749810607.616468,0.24786159358917,170.5,170.9,161.3,167.5,586624.931,1633391999999.0,2021-10-04,0.2638140335145341,,green,,-1.76,
277,1633392000000.0,167.54549258443683,2685181954.2209654,11506766114.666618,0.23335678569136906,167.5,175.4,166.6,173.8,622714.612,1633478399999.0,2021-10-05,0.2593287672694904,,green,,3.76,
278,1633478400000.0,174.11810925008209,2624353783.5339026,11959486591.453056,0.21943699367575012,173.7,183.0,163.8,178.5,967921.404,1633564799999.0,2021-10-06,0.25588161264225084,,green,,2.7,
279,1633564800000.0,179.19993360488678,3225630004.9054756,12309753394.568789,0.2620385560549623,178.5,187.0,173.4,178.6,866672.447,1633651199999.0,2021-10-07,0.2583022209062354,,green,1.0,0.06,
280,1633651200000.0,179.0563327253737,3515152317.772371,12301131244.813486,0.28575845975584246,178.6,183.4,174.4,175.9,697493.034,1633737599999.0,2021-10-08,0.2646939676417787,,green,,-1.51,
281,1633737600000.0,175.96907129240822,3002931305.124391,12090218245.97475,0.24837693117112838,175.9,182.9,174.4,179.9,445979.888,1633823999999.0,2021-10-09,0.2609537144245114,,green,,2.27,top
282,1633824000000.0,179.98361613010505,3043830823.8010216,12367375432.497158,0.24611776689522125,179.9,184.0,174.0,174.8,559785.153,1633910399999.0,2021-10-10,0.2590844998650602,,green,,-2.83,
283,1633910400000.0,175.4349103638173,2710452830.030585,12056112164.150537,0.2248198086685237,174.8,185.4,172.0,179.1,679614.987,1633996799999.0,2021-10-11,0.252229004543229,,red,,2.46,
284,1633996800000.0,179.31064182083853,2917835057.963248,12254760530.977692,0.23809808854179718,179.2,179.2,166.3,172.6,708173.9,1634083199999.0,2021-10-12,0.2499851668992271,,red,,-3.63,bottom
285,1634083200000.0,172.38712263600246,2817715667.75125,11849297493.770144,0.23779601020505095,172.6,179.7,167.6,177.6,657952.562,1634169599999.0,2021-10-13,0.24628386620621115,,red,,2.9,
286,1634169600000.0,177.81538534871174,2522300436.344707,12226025574.253553,0.20630583675993197,177.7,186.7,176.9,181.3,746399.181,1634255999999.0,2021-10-14,0.24257350018013743,,green,,2.08,
287,1634256000000.0,180.36004347909252,2442709490.723976,12399079366.708727,0.1970073275990636,181.3,193.0,176.4,189.6,1143344.438,1634342399999.0,2021-10-15,0.23985298512696374,,green,,4.58,top
288,1634342400000.0,189.33515025355513,3109064131.118713,13018317286.77698,0.2388222734651478,189.7,192.6,185.0,186.0,576811.605,1634428799999.0,2021-10-16,0.23793271191474782,,green,1.0,-1.9,
289,1634428800000.0,187.15112594645313,2606140566.587907,12831025871.315945,0.20311240837055705,186.0,188.1,176.4,183.7,475002.963,1634515199999.0,2021-10-17,0.2349220600316797,,red,,-1.24,bottom
290,1634515200000.0,183.5998678067939,2326813530.436107,12626547685.461506,0.18427947119031224,183.8,187.6,178.5,185.6,591931.083,1634601599999.0,2021-10-18,0.2303804798603327,,red,,1.03,
291,1634601600000.0,185.5330367802904,2475012852.053199,12760817690.062843,0.19395409543234451,185.5,191.6,183.1,188.8,598824.688,1634687999999.0,2021-10-19,0.2275660019846881,,green,,1.72,
292,1634688000000.0,188.9625315638643,2200024350.6004963,12994083695.672173,0.16930969525255862,188.8,209.4,185.6,207.3,1121684.82,1634774399999.0,2021-10-20,0.22398548066874585,,green,,9.8,top
293,1634774400000.0,207.66932026461288,2789536581.943744,14288129083.247942,0.195234559100836,207.4,214.7,195.2,196.8,1129324.235,1634860799999.0,2021-10-21,0.219213766600594,,green,1.0,-5.07,
294,1634860800000.0,197.29913221975605,2608448634.589181,13574263307.067997,0.1921613405886259,196.8,201.5,187.9,191.0,731846.105,1634947199999.0,2021-10-22,0.21252825808864992,,red,,-2.95,
295,1634947200000.0,191.7034190920392,2120311827.8010838,13201586874.505154,0.16061037570383457,191.0,198.0,188.7,196.3,413109.664,1635033599999.0,2021-10-23,0.20625921841241465,,red,,2.77,
296,1635033600000.0,196.03231269620582,1792760101.9491982,13549407672.57393,0.13231280254250657,196.3,199.9,185.2,190.4,568204.06,1635119999999.0,2021-10-24,0.19813029238722077,,red,,-3.01,
297,1635120000000.0,191.12107952382203,1807972491.7092588,13113243378.470287,0.13787378450381252,190.4,197.4,189.6,195.5,435121.822,1635206399999.0,2021-10-25,0.19191986208974138,,red,,2.68,
298,1635206400000.0,196.07168296104118,1932846689.6508913,13495845936.78652,0.14321789821136022,195.5,199.4,190.3,197.6,571152.655,1635292799999.0,2021-10-26,0.18514270563756735,,green,,1.07,
299,1635292800000.0,198.4060095329257,1928980027.3077102,13657953880.201538,0.14123492026898293,197.5,205.0,171.1,179.3,1380721.926,1635379199999.0,2021-10-27,0.17824548492784817,,red,,-9.26,bottom
300,1635379200000.0,180.24193594393577,2997033270.948103,12408899504.601624,0.24152289007068722,179.2,194.5,177.6,189.8,722390.735,1635465599999.0,2021-10-28,0.1807609887357593,,red,1.0,5.86,
301,1635465600000.0,190.16842979768808,2391049998.951122,13093632050.372177,0.18261166876788462,189.8,198.7,188.1,196.7,581094.6,1635551999999.0,2021-10-29,0.17973272739067506,,green,,3.64,
302,1635552000000.0,196.70427397057932,2071576069.768074,13555562187.247387,0.15282111071106608,196.7,197.3,186.6,190.2,415371.62,1635638399999.0,2021-10-30,0.17358978719395493,,green,,-3.3,
303,1635638400000.0,190.19468334994957,1820602185.8214488,13098186372.894283,0.1389965094395854,190.2,195.2,186.7,191.9,514684.875,1635724799999.0,2021-10-31,0.16901008012745697,,red,,0.89,
304,1635724800000.0,191.98711393997718,1887265680.652432,13222938865.094852,0.14272664344189978,191.9,201.2,187.8,197.6,656176.592,1635811199999.0,2021-11-01,0.16604202100257037,,green,,2.97,
305,1635811200000.0,198.15149860542772,2026195842.1974952,13524476808.842834,0.14981694825138736,197.6,204.9,195.1,200.9,589454.742,1635897599999.0,2021-11-02,0.162889367632502,,green,,1.67,
306,1635897600000.0,201.13313419717844,1928845089.408975,13749712642.189163,0.14028257459654614,200.9,209.3,197.4,207.3,839855.941,1635983999999.0,2021-11-03,0.16081600187135825,,green,,3.19,top
307,1635984000000.0,207.32416503900404,2339651671.533303,14216793685.29027,0.16456957337392303,207.3,207.3,196.1,202.6,592543.494,1636070399999.0,2021-11-04,0.1586256457480073,,green,1.0,-2.27,
308,1636070400000.0,203.25196257360344,2034399015.5345018,13929879440.727505,0.1460457015576477,202.6,203.3,196.7,198.9,454701.028,1636156799999.0,2021-11-05,0.1553316715315089,,red,,-1.83,
309,1636156800000.0,200.14459857921992,1498479961.188298,13782312705.86983,0.10872485577475699,198.9,201.1,191.0,197.6,420636.051,1636243199999.0,2021-11-06,0.15162556296514618,,red,,-0.65,bottom
310,1636243200000.0,198.15334571109554,1407029685.617857,13649344659.096788,0.10308404694580874,197.6,202.1,196.9,202.0,351383.08,1636329599999.0,2021-11-07,0.1495377947082392,,green,,2.23,
311,1636329600000.0,202.0515265726991,1098098036.989202,13890107860.224958,0.07905612022881855,202.1,229.7,202.0,229.0,1380080.247,1636415999999.0,2021-11-08,0.14533653297431107,,green,,13.37,
312,1636416000000.0,228.69527092135633,2906006240.56477,15826924373.880686,0.1836115578691068,229.0,274.6,226.5,262.0,3256268.81184,1636502399999.0,2021-11-09,0.1482217943784358,,green,1.0,14.41,
313,1636502400000.0,264.45943722456866,6858513361.636675,18292523224.439056,0.3749353371039381,262.0,295.7,251.6,260.4,3733558.8607,1636588799999.0,2021-11-10,0.1649146812952183,,green,1.0,-0.61,
314,1636588800000.0,260.86472470752653,7438972472.587109,17755040894.3769,0.41897805343512695,260.3,274.2,250.5,262.3,1666490.106,1636675199999.0,2021-11-11,0.17759005010696402,,green,1.0,0.73,
315,1636675200000.0,263.05845652395345,3611128393.5313644,18176554728.431385,0.19866957448668274,262.2,282.7,243.7,251.2,2414623.352,1636761599999.0,2021-11-12,0.17873704337259247,,green,,-4.23,
316,1636761600000.0,252.75667111052977,4522578141.656981,17430105280.30532,0.2594693531063835,251.1,264.2,245.2,257.7,1167201.211,1636847999999.0,2021-11-13,0.186354774972258,,red,1.0,2.59,
317,1636848000000.0,258.5694593941848,2567924183.471577,17802232004.31263,0.14424731588991155,257.7,279.7,248.4,279.3,1358747.997,1636934399999.0,2021-11-14,0.1867298325758527,,green,,8.38,top
318,1636934400000.0,279.4424641453785,3006953687.3117967,19274637084.00984,0.15600572266060217,279.3,281.5,259.0,263.0,1155933.609,1637020799999.0,2021-11-15,0.18767833823433144,,green,,-5.84,
319,1637020800000.0,264.48734462556433,2470208124.126683,18244914469.894947,0.13539159792733774,263.0,263.3,222.5,230.2,2396155.13,1637107199999.0,2021-11-16,0.1866479560683279,,red,,-12.47,
320,1637107200000.0,232.0891861858328,3764421564.4970765,15980841934.259468,0.23555840048871085,230.4,235.4,217.6,229.6,1422751.183,1637193599999.0,2021-11-17,0.19345337220348255,,red,1.0,-0.26,
321,1637193600000.0,229.58311465340486,2574783650.32234,15809799301.208462,0.1628599833095623,229.6,232.4,199.4,204.2,1689641.574,1637279999999.0,2021-11-18,0.19333125862745676,,red,,-11.06,bottom
322,1637280000000.0,203.44701845028465,2741231929.141069,14038550383.446209,0.19526460028048467,204.1,221.3,199.5,217.9,1040819.801,1637366399999.0,2021-11-19,0.19684689425051655,,red,1.0,6.71,
323,1637366400000.0,219.27825342781202,2115211086.7261496,15132525641.426569,0.1397791179639954,217.9,227.8,212.4,226.8,841347.754,1637452799999.0,2021-11-20,0.19906505583546216,,green,,4.08,top
324,1637452800000.0,226.3436321880461,1883458591.965208,15621865890.219631,0.12056553328526418,226.8,230.8,219.6,221.1,698329.313,1637539199999.0,2021-11-21,0.20031373343113754,,green,,-2.51,
325,1637539200000.0,224.27238636442613,1608296972.081565,15567072000.12663,0.10331403182746776,221.2,221.7,205.2,209.1,865031.634,1637625599999.0,2021-11-22,0.20204644140246963,,red,,-5.43,
326,1637625600000.0,209.64264048639862,1798892292.6352456,14471217926.960949,0.12430828570992468,209.1,218.8,205.1,216.2,709895.649,1637711999999.0,2021-11-23,0.1978104933910995,,red,1.0,3.4,
327,1637712000000.0,217.13147038006943,1665247283.469576,14990728647.208544,0.11108514620332782,216.2,217.7,205.9,212.2,586526.86,1637798399999.0,2021-11-24,0.17896405118391304,,red,,-1.85,
328,1637798400000.0,212.1377095355498,1447237113.3361375,14647429097.667574,0.0988048553562613,212.2,229.8,210.7,222.9,892094.61,1637884799999.0,2021-11-25,0.15609453703542261,,green,,5.04,
329,1637884800000.0,222.83806300914114,1978276570.383548,15387864223.239813,0.12856082830493257,223.0,224.9,190.0,195.7,1536691.461,1637971199999.0,2021-11-26,0.15108676945101188,,red,1.0,-12.2,
330,1637971200000.0,195.3381460493548,2394387398.681225,13490063741.386765,0.1774926675353933,195.7,201.0,190.6,195.1,524367.982,1638057599999.0,2021-11-27,0.14523129191022685,,red,1.0,-0.31,bottom
331,1638057600000.0,193.85170610805585,1169175298.9196472,13388614416.2043,0.08732608637265624,195.0,199.9,182.0,199.5,723846.344,1638143999999.0,2021-11-28,0.14116548980185148,,red,,2.26,
332,1638144000000.0,198.88882606291781,1526632674.0606825,13737973825.705652,0.11112502421602677,199.5,209.5,194.9,205.5,810923.688,1638230399999.0,2021-11-29,0.13795972562723896,,green,1.0,3.01,
333,1638230400000.0,206.66911744517716,1582819342.2086978,14316829008.323393,0.11055655838932575,205.5,219.9,197.4,207.8,1032919.457,1638316799999.0,2021-11-30,0.13618579423166668,,green,,1.12,
334,1638316800000.0,207.93930302932964,1919830616.3356438,14365979718.446926,0.13363729129245858,207.8,217.8,205.1,208.8,674057.314,1638403199999.0,2021-12-01,0.12890571500336295,,green,1.0,0.48,top
335,1638403200000.0,208.4708620887279,2345839119.826418,14404225573.54356,0.16285770504282113,208.7,210.1,199.9,203.5,562121.73,1638489599999.0,2021-12-02,0.1289055522700243,,red,1.0,-2.54,
336,1638489600000.0,203.6259317813959,1242870815.242703,14078988390.218882,0.0882784175108891,203.5,208.1,179.3,188.0,825086.4,1638575999999.0,2021-12-03,0.12126368207219604,,red,,-7.62,
337,1638576000000.0,189.7376928631965,1532248603.6872706,13106580082.14405,0.11690682039739358,188.0,189.3,129.3,162.7,2758066.76925,1638662399999.0,2021-12-04,0.11962994653172447,,red,1.0,-13.46,
338,1638662400000.0,162.56312626238378,3285416173.731591,11266169955.995193,0.2916178423159049,162.7,165.0,148.0,156.3,1075867.598,1638748799999.0,2021-12-05,0.13184796860534168,,red,1.0,-3.93,
339,1638748800000.0,156.20243722636758,1679437006.341901,10797477186.586756,0.15553975964202024,156.3,164.5,141.3,161.3,1097434.113,1638835199999.0,2021-12-06,0.13557837773495257,,red,,3.2,
340,1638835200000.0,162.4364291438251,1694912645.8328393,11229625592.46898,0.15093224897627155,161.3,165.8,158.2,161.8,672241.01,1638921599999.0,2021-12-07,0.13748008939683448,,red,,0.31,
341,1638921600000.0,162.00261704254874,1297732907.977135,11200829875.642307,0.11586042484220098,161.8,170.3,155.8,165.1,890527.252,1639007999999.0,2021-12-08,0.13782118072818256,,green,,2.04,
342,1639008000000.0,164.7222612154075,1500496477.1819715,11390103028.204422,0.13173686607280105,165.2,167.1,151.1,151.3,648228.982,1639094399999.0,2021-12-09,0.1401734672079354,,red,1.0,-8.36,
343,1639094400000.0,152.48636692593874,1212367143.5016525,10545054910.36601,0.11497020677529807,151.4,159.8,147.5,148.3,704610.428,1639180799999.0,2021-12-10,0.13920270852724723,,red,,-1.98,
344,1639180800000.0,149.07510653117012,1231496786.435036,10310262934.638796,0.11944378084652402,148.4,159.5,145.7,158.0,558649.677,1639267199999.0,2021-12-11,0.13505635947804226,,red,,6.54,
345,1639267200000.0,157.9875916804009,1111922271.2298567,10927837130.348368,0.10175135829411926,158.0,162.9,153.2,159.0,382460.669,1639353599999.0,2021-12-12,0.13608673604386107,,green,,0.63,
346,1639353600000.0,158.97863860441825,745385892.7510816,10997571204.50074,0.06777731909078556,158.9,159.9,142.7,144.6,628722.159,1639439999999.0,2021-12-13,0.13299047139205813,,red,,-9.06,
347,1639440000000.0,144.63637129984738,977864412.2173777,10006531134.686619,0.09772261726420962,144.6,151.9,142.9,150.4,511641.769,1639526399999.0,2021-12-14,0.13207376131169268,,red,1.0,4.01,
348,1639526400000.0,150.5752756095008,953819540.3503083,10418498424.845919,0.09155057681591142,150.3,155.0,141.7,153.6,611833.278,1639612799999.0,2021-12-15,0.12906756742051076,,red,,2.13,
349,1639612800000.0,153.23514794842248,1153019236.6725764,10599207876.799978,0.10878352892732264,153.5,156.7,148.5,148.9,434853.361,1639699199999.0,2021-12-16,0.1252051262694037,,green,1.0,-3.06,
350,1639699200000.0,149.22557764066758,816602011.4735259,10327179713.103558,0.0790730900554957,148.9,150.3,141.2,144.1,472455.023,1639785599999.0,2021-12-17,0.12454760287973275,,red,,-3.22,bottom
351,1639785600000.0,144.08640235090425,4871565819.541679,9972534480.962458,0.488498267801579,144.1,150.3,142.8,148.6,300448.219,1639871999999.0,2021-12-18,0.15108984912288886,,red,1.0,3.12,
352,1639872000000.0,148.97011732601084,667024505.0420864,10311619641.524324,0.06468668630444974,148.6,161.1,147.6,153.2,738406.682,1639958399999.0,2021-12-19,0.13488048083635634,,green,,3.1,
353,1639958400000.0,153.4452903652407,1401451922.5288455,10622456721.997046,0.13193293785106328,153.2,157.4,145.2,152.6,550918.769,1640044799999.0,2021-12-20,0.13319427927985944,,green,1.0,-0.39,
354,1640044800000.0,153.17553482768892,1409784732.8236694,10644668240.0037,0.13244045761102832,152.7,156.4,149.1,154.7,375493.205,1640131199999.0,2021-12-21,0.1318734370394849,,green,,1.38,
355,1640131200000.0,155.3406496272523,888548877.8998221,10755892714.122229,0.08261042588619155,154.8,160.2,152.9,155.4,414964.85,1640217599999.0,2021-12-22,0.12949843711405565,,green,,0.45,
356,1640217600000.0,155.62472366805736,940630205.2312512,10776814973.821995,0.08728276466805265,155.4,165.2,153.0,163.6,521673.021,1640303999999.0,2021-12-23,0.12632314415657364,,green,,5.28,top
357,1640304000000.0,163.68493376631224,1170145779.6327178,11306762839.24639,0.1034907865557309,163.6,166.8,160.1,161.2,411411.856,1640390399999.0,2021-12-24,0.1255031855694617,,green,1.0,-1.47,
358,1640390400000.0,161.58309840126907,934925762.2287643,11191816306.083565,0.08353655355481168,161.2,163.6,157.3,157.8,456068.094,1640476799999.0,2021-12-25,0.12293838362005367,,green,,-2.11,
359,1640476800000.0,158.79313995505825,770423737.6767217,10999748995.760107,0.07004011982215996,157.8,158.4,152.6,155.7,887961.059,1640563199999.0,2021-12-26,0.12067329515777085,,red,,-1.33,
360,1640563200000.0,156.37119500662945,1067423563.9204221,10833129891.865582,0.09853325627729552,155.8,161.3,154.4,155.9,464363.98,1640649599999.0,2021-12-27,0.12287014781395013,,red,1.0,0.13,
361,1640649600000.0,156.05611079189384,884252402.6478505,10812469864.585735,0.081780796961484,155.9,156.0,144.5,145.7,679901.014,1640735999999.0,2021-12-28,0.12173144636375545,,red,,-6.54,
362,1640736000000.0,146.3367441217928,1150683898.3664875,10140083947.941948,0.11347873491718308,145.6,151.0,143.9,145.5,444947.628,1640822399999.0,2021-12-29,0.12329774337098916,,red,1.0,-0.14,bottom
363,1640822400000.0,145.50566839953726,951578655.6371307,10043087113.587414,0.0947496168135123,145.5,150.0,142.7,148.0,318121.046,1640908799999.0,2021-12-30,0.12229532107714555,,red,,1.72,
364,1640908800000.0,148.03521639446834,735711577.3134116,10239705862.067177,0.07184889753902435,147.9,152.7,143.7,146.3,344892.41,1640995199999.0,2021-12-31,0.12177930732596902,,red,,-1.15,
365,1640995200000.0,146.60466145502394,927144179.7398187,10165614442.928844,0.09120394885571684,146.2,151.0,146.1,150.8,225155.54,1641081599999.0,2022-01-01,0.09340114168697887,,green,1.0,3.08,
366,1641081600000.0,151.08565821362433,600594220.8455845,10473638674.044128,0.057343416126621104,150.8,153.4,147.8,151.2,228350.087,1641167999999.0,2022-01-02,0.09287662238856254,,green,,0.27,top
367,1641168000000.0,151.50699732368665,613040982.77866,10523239230.893839,0.05825592000027055,151.1,151.2,146.0,148.5,291038.873,1641254399999.0,2022-01-03,0.08761397825636305,,red,,-1.79,
368,1641254400000.0,148.68077442947728,658797623.4612963,10309037335.052908,0.06390486347558806,148.4,151.7,145.2,146.5,331705.663,1641340799999.0,2022-01-04,0.08271857867526018,,red,,-1.35,
369,1641340800000.0,146.72337359445743,739978327.2516489,10247784142.818712,0.07220861768153067,146.5,150.0,129.8,135.4,601964.057,1641427199999.0,2022-01-05,0.08197559237492726,,red,1.0,-7.58,
370,1641427200000.0,135.93494909373734,1136386298.3017266,9451354999.259806,0.12023527826335209,135.3,138.1,132.4,135.9,531427.357,1641513599999.0,2022-01-06,0.08432934334602007,,red,1.0,0.37,
371,1641513600000.0,136.51016201928635,1048619541.7231036,9497488956.849884,0.11041018804942192,135.9,136.5,125.9,131.4,733975.31191,1641599999999.0,2022-01-07,0.08482358630985516,,red,,-3.31,
372,1641600000000.0,131.42578123867258,1204093495.3291695,9118650890.96946,0.1320473291198842,131.4,134.8,124.8,129.4,450291.35478,1641686399999.0,2022-01-08,0.08828864170736032,,red,1.0,-1.52,
373,1641686400000.0,129.72984465944606,848505835.3185133,9026522520.002481,0.09400140900753882,129.4,132.6,127.7,130.9,321828.343,1641772799999.0,2022-01-09,0.09000016236345883,,red,,1.16,
374,1641772800000.0,131.18714226308023,503010326.472875,9090631980.216143,0.055332822576865025,130.8,131.5,120.7,126.5,621002.30603,1641859199999.0,2022-01-10,0.08691441709914237,,red,,-3.36,bottom
375,1641859200000.0,126.82502049780173,951597525.2048632,8799832771.775192,0.10813813738109221,126.6,133.5,125.7,131.6,396300.22,1641945599999.0,2022-01-11,0.08879708427197151,,red,1.0,4.03,
376,1641945600000.0,131.62848476205232,731840050.8278435,9128769311.538816,0.08016853376969375,131.6,142.3,130.8,141.9,387745.567,1642031999999.0,2022-01-12,0.08641778419000799,,green,,7.83,
377,1642032000000.0,141.75518566402317,772388515.695745,9837832315.498312,0.07851206352429291,142.0,142.4,134.6,136.7,462389.154,1642118399999.0,2022-01-13,0.08525795895506375,,green,,-3.66,
378,1642118400000.0,136.69816548147483,786153802.6464872,9487923473.059666,0.08285836251511927,136.7,146.7,135.8,144.7,588107.752,1642204799999.0,2022-01-14,0.0860443493104991,,green,,5.85,
379,1642204800000.0,144.72737636347838,1073601867.232325,10046271921.893803,0.10686569859737008,144.7,150.7,144.0,147.7,461786.036,1642291199999.0,2022-01-15,0.08716304572061719,,green,1.0,2.07,
380,1642291200000.0,147.96032933609627,858852118.7908947,10252242788.856188,0.08377212054755818,147.6,149.0,143.2,146.4,323952.665,1642377599999.0,2022-01-16,0.0890508103221127,,green,,-0.88,
381,1642377600000.0,146.6121775956386,648629121.4997033,10179268203.722364,0.06372060432227455,146.4,153.9,144.1,151.2,809014.895,1642463999999.0,2022-01-17,0.08944114491654155,,green,,3.28,top
382,1642464000000.0,151.76152473763486,1428371010.1378493,10537942123.493681,0.13554553568418123,151.1,153.4,138.6,141.5,605404.359,1642550399999.0,2022-01-18,0.09455833578858393,,red,1.0,-6.42,
383,1642550400000.0,141.61139916358968,1060685979.2828401,9850112738.2542,0.10768262328242473,141.4,143.0,133.2,136.2,437642.165,1642636799999.0,2022-01-19,0.09709219333150494,,red,,-3.75,
384,1642636800000.0,136.9619063311175,786516812.2414012,9512250341.775602,0.08268462077655814,136.2,142.9,128.8,129.7,404805.365,1642723199999.0,2022-01-20,0.09441000351101965,,red,,-4.77,
385,1642723200000.0,130.42414169230446,678874464.2565386,9148639908.843845,0.07420496063029887,129.6,131.1,109.8,114.5,1024703.15234,1642809599999.0,2022-01-21,0.09182391583822513,,red,,-11.72,
386,1642809600000.0,113.48931581917998,1476066731.1247773,7981436304.824966,0.18493748177035005,114.5,117.0,96.3,108.4,1345786.1907,1642895999999.0,2022-01-22,0.09560178388468699,,red,1.0,-5.33,
387,1642896000000.0,108.61322367845514,1949208635.5019567,7545683309.881283,0.2583210234849657,108.4,112.8,105.6,112.3,588082.317,1642982399999.0,2022-01-23,0.1073388992045032,,red,1.0,3.6,
388,1642982400000.0,111.9325857665343,1036985112.8138343,7767749118.80306,0.13349879057031447,112.3,112.3,97.5,109.5,1098206.519,1643068799999.0,2022-01-24,0.11292218263260671,,red,,-2.49,
389,1643068800000.0,109.98250709501697,1447703189.7713976,7642430989.02289,0.18942967124607182,109.6,109.9,105.1,107.8,589373.563,1643155199999.0,2022-01-25,0.11872872076581956,,red,1.0,-1.55,
390,1643155200000.0,108.20005922670708,793636486.2471838,7528711286.299523,0.10541465279607877,107.9,116.5,104.6,106.9,774954.382,1643241599999.0,2022-01-26,0.12053201498198991,,red,,-0.83,bottom
391,1643241600000.0,107.02184870207107,932865614.1820446,7471572251.990698,0.12485532933627128,107.0,110.0,102.8,106.9,563991.766,1643327999999.0,2022-01-27,0.12384224825427408,,red,1.0,0.0,
392,1643328000000.0,107.21042503329888,723657456.8102068,7432905213.60697,0.09735862842505388,106.8,110.0,105.2,109.4,463842.238,1643414399999.0,2022-01-28,0.12487798153355512,,red,,2.34,
393,1643414400000.0,109.56241337895375,592718337.6880763,7616510082.740902,0.07782019996680405,109.5,112.4,107.5,110.8,345775.899,1643500799999.0,2022-01-29,0.12280330305994328,,green,,1.28,
394,1643500800000.0,110.97870116957098,483469771.14002526,7699445711.198726,0.06279280214117568,110.9,112.2,107.0,108.6,276376.291,1643587199999.0,2022-01-30,0.12130478031663024,,green,,-1.99,
395,1643587200000.0,108.85087831372954,424701755.98089564,7571901245.2150755,0.0560891831822659,108.5,111.3,104.3,109.5,447814.467,1643673599999.0,2022-01-31,0.12075967880662962,,red,,0.83,
396,1643673600000.0,109.68495693844312,580923790.7862319,7609502523.441636,0.07634188818476019,109.4,116.9,108.2,115.0,597661.679,1643759999999.0,2022-02-01,0.11653084684238525,,green,1.0,5.02,
397,1643760000000.0,115.56699714829303,708831997.5914418,8037337457.602423,0.08819238974729945,115.1,116.0,107.3,108.3,512026.267,1643846399999.0,2022-02-02,0.115138687304162,,green,1.0,-5.83,
398,1643846400000.0,108.46076632458303,618297409.1646458,7539796465.25319,0.08200452253771588,108.3,111.1,105.4,111.0,380748.903,1643932799999.0,2022-02-03,0.11509010885853042,,red,,2.49,
399,1643932800000.0,110.21753487484204,564827321.7183971,7666855250.374468,0.07367131676195525,110.9,121.5,108.7,121.3,649501.138,1644019199999.0,2022-02-04,0.11505199143936302,,green,,9.28,
400,1644019200000.0,121.49915898467229,841520818.0895532,8353101103.568475,0.10074352119718179,121.3,123.8,118.8,121.7,442597.015,1644105599999.0,2022-02-05,0.10903813711270816,,green,1.0,0.33,
401,1644105600000.0,122.28911151386858,635415766.3949832,8515178060.793639,0.07462154776546864,121.8,128.0,120.5,127.6,415141.018,1644191999999.0,2022-02-06,0.09591674598988693,,green,,4.85,
402,1644192000000.0,127.6043902137988,657391963.7281666,8879012796.96533,0.07403885755777377,127.5,139.9,125.0,137.4,694509.795,1644278399999.0,2022-02-07,0.0916696079175626,,green,,7.68,
403,1644278400000.0,137.36335026194186,965417641.0019865,9545141168.095592,0.1011423114651119,137.4,142.9,130.4,133.7,974024.21,1644364799999.0,2022-02-08,0.08536336793320831,,green,1.0,-2.69,
404,1644364800000.0,134.13275084128585,1203851814.5652132,9335293494.43885,0.12895703978480832,133.6,141.0,132.0,140.1,615072.437,1644451199999.0,2022-02-09,0.08704496700383187,,green,1.0,4.79,top
405,1644451200000.0,140.55477658270416,918045787.5636371,9800440089.749737,0.09367393496173908,140.0,143.8,134.0,134.6,722895.221,1644537599999.0,2022-02-10,0.08481772454850812,,green,,-3.93,
406,1644537600000.0,135.42701897226829,1041529005.1313494,9427380616.486757,0.11047915083749843,134.5,134.8,124.8,125.6,536508.563,1644623999999.0,2022-02-11,0.0857549047208256,,red,1.0,-6.69,
407,1644624000000.0,126.10218386249991,858268331.394889,8792354216.764763,0.0976153041876306,125.6,127.6,120.8,126.7,328295.304,1644710399999.0,2022-02-12,0.08716884073659892,,red,,0.88,
408,1644710400000.0,126.69119936950332,670165818.3939204,8821069003.28906,0.07597331096084155,126.7,128.9,123.5,125.6,261891.161,1644796799999.0,2022-02-13,0.08811030565228935,,red,,-0.87,
409,1644796800000.0,126.28539405442234,567610491.0212473,8787938472.04504,0.06458972065255694,125.6,127.0,121.4,124.6,311463.001,1644883199999.0,2022-02-14,0.08871748690016726,,red,,-0.8,bottom
410,1644883200000.0,124.83315484227106,563405437.5315092,8693486478.793137,0.06480776601032033,124.6,132.6,123.9,131.5,372015.055,1644969599999.0,2022-02-15,0.08789362103056442,,green,,5.54,top
411,1644969600000.0,131.68800808841544,680554080.0068742,9214944628.079865,0.07385330107498243,131.6,131.8,125.4,127.7,325088.116,1645055999999.0,2022-02-16,0.08686940041111321,,green,1.0,-2.89,
412,1645056000000.0,128.37749069501754,620462660.8270952,8942062959.015314,0.06938697073269315,127.8,129.0,114.8,116.3,535445.236,1645142399999.0,2022-02-17,0.08596814671075445,,red,,-8.93,
413,1645142400000.0,116.2120025752003,771632269.116077,8096862166.69461,0.09530016112786087,116.3,123.6,114.1,114.9,686552.347,1645228799999.0,2022-02-18,0.08751306416546199,,red,1.0,-1.2,
414,1645228800000.0,115.08658987603158,995911520.6676795,8017968577.635381,0.12420995555477579,114.9,117.2,113.0,115.5,361933.434,1645315199999.0,2022-02-19,0.08918923804814727,,red,1.0,0.52,
415,1645315200000.0,115.85118250450698,555308617.4117981,8066376368.090658,0.06884238870981937,115.5,115.8,108.4,110.6,468241.931,1645401599999.0,2022-02-20,0.08877644097274376,,red,,-4.24,
416,1645401600000.0,110.82828323104538,611872378.2827846,7723001947.133409,0.07922727230567342,110.6,114.5,102.0,102.8,631230.777,1645487999999.0,2022-02-21,0.08914704202616516,,red,1.0,-7.05,bottom
417,1645488000000.0,103.5897784100841,783358953.3352973,7244478418.750748,0.10813186375264008,102.7,107.9,100.2,107.4,537388.743,1645574399999.0,2022-02-22,0.08964629576098859,,red,1.0,4.47,
418,1645574400000.0,107.56703893150554,737608295.096188,7497251391.913771,0.09838382849103101,107.4,111.5,104.9,105.4,432495.97,1645660799999.0,2022-02-23,0.08746249495429022,,red,,-1.86,
419,1645660800000.0,105.96884784175116,591005149.7774687,7386564709.743127,0.08001082681884761,105.3,111.0,90.0,104.1,1288797.47718,1645747199999.0,2022-02-24,0.0864865586583694,,red,,-1.23,
420,1645747200000.0,104.24189763905723,1378724540.9715934,7266951117.198242,0.18972530828075224,104.2,110.7,101.5,109.2,604602.878,1645833599999.0,2022-02-25,0.09214699847574467,,green,1.0,4.9,
421,1645833600000.0,109.51857185862303,743013595.1103419,7635550854.808023,0.09730975658979134,109.2,115.0,106.6,108.2,456598.44,1645919999999.0,2022-02-26,0.09212517364732757,,green,,-0.92,
422,1645920000000.0,108.13802120582118,628927741.2533836,7533185233.843067,0.0834876246541644,108.1,110.2,101.1,102.9,417924.626,1646006399999.0,2022-02-27,0.09266191033970779,,red,,-4.9,
423,1646006400000.0,103.11211763732136,571319765.8998512,7184428503.067197,0.0795219502366739,102.9,113.9,101.2,113.7,574622.74,1646092799999.0,2022-02-28,0.09372849816714471,,green,,10.5,top
424,1646092800000.0,113.47425396585597,786158082.2800214,7901458519.601742,0.09949531220466956,113.7,116.0,109.4,112.5,601477.274,1646179199999.0,2022-03-01,0.09620618003816965,,green,1.0,-1.06,
425,1646179200000.0,112.6837678529158,781094085.6428862,7843103593.913227,0.09958992333711714,112.5,114.7,109.1,110.3,513465.217,1646265599999.0,2022-03-02,0.0980445101997507,,green,,-1.96,
426,1646265600000.0,110.3622380616775,675253898.2537469,7698431945.950647,0.08771317366894806,110.3,113.0,107.9,111.7,638112.361,1646351999999.0,2022-03-03,0.09935352469519747,,red,,1.27,
427,1646352000000.0,111.39174142779679,896691497.0773238,7767816407.818805,0.11543675210638943,111.7,112.7,99.0,101.0,635993.785,1646438399999.0,2022-03-04,0.10079185262223524,,red,1.0,-9.58,
428,1646438400000.0,101.141078975511,967050961.3856541,7056718846.73301,0.1370397464302211,101.0,105.4,99.4,104.9,298763.798,1646524799999.0,2022-03-05,0.10170826625619563,,red,1.0,3.86,
429,1646524800000.0,105.03994374119027,627716516.6282947,7327755348.714135,0.0856628649233555,104.9,106.0,100.6,101.1,312844.282,1646611199999.0,2022-03-06,0.10290972884287676,,red,,-3.62,
430,1646611200000.0,101.31526798336485,581423472.0198077,7070358997.523902,0.08223393921347233,101.1,103.9,96.2,98.4,518690.842,1646697599999.0,2022-03-07,0.10312449076486241,,red,,-2.67,bottom
431,1646697600000.0,98.69385859304428,751674495.2836767,6886635383.182716,0.10914974489854348,98.3,102.6,97.8,100.7,489539.231,1646783999999.0,2022-03-08,0.10319719656099836,,red,1.0,2.34,
432,1646784000000.0,100.44701677806039,717444049.6343749,7009788527.35682,0.10234888639428062,100.8,109.3,100.4,106.9,548748.759,1646870399999.0,2022-03-09,0.10348041498265904,,green,,6.16,top
433,1646870400000.0,106.65033878385805,814806150.6725909,7451005933.266934,0.10935518747001381,106.9,107.1,99.5,102.5,544448.846,1646956799999.0,2022-03-10,0.10557644074345662,,green,,-4.12,
434,1646956800000.0,102.62199633188361,855599088.3372121,7151223942.760883,0.11964372744938676,102.6,107.0,99.6,104.6,462322.473,1647043199999.0,2022-03-11,0.10057061354121624,,green,,2.05,
435,1647043200000.0,104.87620118710161,698277458.152888,7368811438.412262,0.09476120592703671,104.6,108.0,104.5,105.6,273690.902,1647129599999.0,2022-03-12,0.10038857420816234,,green,,0.96,
436,1647129600000.0,105.71313717257148,419194846.1349298,7396980914.621293,0.05667107310042201,105.5,107.4,101.0,101.7,267778.849,1647215999999.0,2022-03-13,0.09847310624003788,,red,,-3.69,bottom
437,1647216000000.0,101.88538223423485,398639403.8208405,7115356268.722576,0.05602522049010603,101.7,106.4,100.8,105.6,461259.961,1647302399999.0,2022-03-14,0.09679476840099732,,red,,3.83,
438,1647302400000.0,105.61805947514047,563293023.7768364,7366162430.490366,0.0764703506190995,105.5,108.6,102.4,106.8,455884.752,1647388799999.0,2022-03-15,0.09515012828774232,,green,1.0,1.14,
439,1647388800000.0,106.99453079182052,586359737.5876706,7487422510.81002,0.07831262851015947,106.9,112.2,105.6,111.4,627565.504,1647475199999.0,2022-03-16,0.0936303215143882,,green,,4.31,
440,1647475200000.0,111.37499597888475,790360725.4987062,7629784997.450776,0.10358885941907635,111.3,111.7,108.5,110.2,315598.565,1647561599999.0,2022-03-17,0.0947642990679688,,green,1.0,-1.08,
441,1647561600000.0,110.29402879231246,502735777.7766626,7701640004.112216,0.06527645767761564,110.2,113.0,107.7,111.9,362061.811,1647647999999.0,2022-03-18,0.09118142089448496,,green,,1.54,
442,1647648000000.0,112.17380362345374,497493622.39800483,7837958962.820096,0.06347234334319693,111.8,117.3,111.4,116.8,455077.798,1647734399999.0,2022-03-19,0.08592660638826895,,green,,4.38,
443,1647734400000.0,115.83038244471739,607424744.0065289,7969227857.11442,0.07622127951383127,116.8,118.5,111.3,114.9,456736.029,1647820799999.0,2022-03-20,0.08525220743044579,,green,1.0,-1.63,
444,1647820800000.0,114.773677415329,688857146.0392586,8026900493.94672,0.08581857300445452,114.9,116.8,113.1,116.0,414783.622,1647907199999.0,2022-03-21,0.08550825270123022,,green,1.0,0.96,
445,1647907200000.0,116.0968915515532,636733220.8936124,8098071474.258086,0.07862776006826334,116.1,123.7,115.6,122.7,613158.765,1647993599999.0,2022-03-22,0.08332811092763878,,green,,5.78,
446,1647993600000.0,122.8543693526866,940390291.4337041,8564524535.414073,0.10980064188563138,122.7,124.5,118.5,122.4,404116.575,1648079999999.0,2022-03-23,0.08386037917702098,,green,1.0,-0.24,
447,1648080000000.0,122.30633484375645,694876456.9911262,8551817227.793575,0.08125483022868683,122.5,127.7,120.0,126.5,494673.517,1648166399999.0,2022-03-24,0.08185321080264049,,green,,3.35,
448,1648166400000.0,126.94093012924071,817339754.7424108,8889688945.563856,0.09194244700207208,126.4,127.3,121.5,123.9,388911.114,1648252799999.0,2022-03-25,0.07987454791354656,,green,1.0,-2.06,
449,1648252800000.0,124.04393184970449,699156200.5821561,8673709383.387667,0.08060636685859177,124.0,125.6,121.9,124.8,222339.521,1648339199999.0,2022-03-26,0.07886348798008623,,green,,0.73,
450,1648339200000.0,124.69311285061232,424690663.1283197,8720005503.92015,0.04870302695765461,124.8,129.8,123.2,129.7,360946.115,1648425599999.0,2022-03-27,0.0782943418270314,,green,,3.93,
451,1648425600000.0,129.12827809912358,628570175.5606306,9017530687.70228,0.06970535475059125,129.7,132.6,126.7,127.6,485087.181,1648511999999.0,2022-03-28,0.07927149427420892,,green,1.0,-1.62,
452,1648512000000.0,127.90929429443416,845452466.1367563,8946798913.306074,0.09449776107959262,127.6,132.0,127.0,130.1,402240.888,1648598399999.0,2022-03-29,0.08055916644995843,,green,1.0,1.96,
453,1648598400000.0,130.03148662980206,724299185.7942713,9096209057.769444,0.07962648848485049,130.0,134.1,125.8,131.1,469285.075,1648684799999.0,2022-03-30,0.08065301359100781,,green,,0.77,top
454,1648684800000.0,131.03441780151215,837318486.7412882,9187246632.47704,0.09113921942416961,131.1,132.9,121.1,123.8,925439.976,1648771199999.0,2022-03-31,0.0797637535913716,,red,1.0,-5.57,
455,1648771200000.0,123.62182315974971,1242471536.721218,8649611372.497837,0.14364478162241603,123.9,126.4,119.1,124.8,459214.201,1648857599999.0,2022-04-01,0.0853614910160002,,red,1.0,0.81,
456,1648857600000.0,124.86179417881476,749240231.8030623,8737259702.743517,0.08575231334462903,124.8,128.3,123.5,124.8,446188.67,1648943999999.0,2022-04-02,0.08695291744467391,,red,,0.0,
457,1648944000000.0,124.89076345530324,690210765.6577476,8740254744.195148,0.07896918177541129,124.9,129.5,123.6,128.7,304078.019,1649030399999.0,2022-04-03,0.08714919617764391,,green,,3.12,
458,1649030400000.0,129.00601434534587,569747297.358324,9029301326.591904,0.06309982098840579,128.8,128.9,121.2,124.8,459946.591,1649116799999.0,2022-04-04,0.08552642817649758,,red,,-3.03,
459,1649116800000.0,124.81807485356087,722104025.077731,8737514857.13246,0.08264409696405556,124.8,127.3,122.5,122.7,266800.707,1649203199999.0,2022-04-05,0.08581330938333988,,red,1.0,-1.68,
460,1649203200000.0,123.23769153749286,549673831.3876,8627354200.909416,0.06371290879997235,122.8,123.2,111.4,111.7,609814.446,1649289599999.0,2022-04-06,0.08252132844864994,,red,,-8.96,
461,1649289600000.0,112.3400632906268,945958315.4516118,7865215223.086861,0.12027112909446254,111.6,115.0,110.1,114.1,302722.598,1649375999999.0,2022-04-07,0.0853082069390625,,red,1.0,2.15,
462,1649376000000.0,114.25646832357047,595834194.5385668,8000180296.303743,0.07447759581291626,114.0,115.3,109.6,110.7,361955.502,1649462399999.0,2022-04-08,0.08406071756840852,,red,,-2.98,
463,1649462400000.0,110.75990691125516,683845857.4354802,7756150300.742073,0.08816820599390048,110.7,113.0,110.0,112.7,192659.628,1649548799999.0,2022-04-09,0.08460084893521627,,red,1.0,1.81,
464,1649548800000.0,112.86859646232077,445190509.12341255,7904659965.946905,0.056320007570380394,112.7,114.5,110.0,110.3,201089.865,1649635199999.0,2022-04-10,0.08514491897898242,,red,,-2.13,
465,1649635200000.0,111.00071738173511,431993131.2795852,7774659047.922987,0.05556425415143997,110.3,110.7,101.8,102.4,440456.851,1649721599999.0,2022-04-11,0.08413484036475731,,red,,-7.16,bottom
466,1649721600000.0,102.56050255857352,731362436.3145562,7200362878.926139,0.10157299689090553,102.5,105.8,101.7,104.8,298962.751,1649807999999.0,2022-04-12,0.08464021435127966,,red,1.0,2.34,
467,1649808000000.0,104.95044417541315,542327195.0286468,7352380319.887069,0.07376212484026899,104.9,110.8,103.9,110.5,389766.945,1649894399999.0,2022-04-13,0.08422133123380955,,green,,5.44,
468,1649894400000.0,110.53930830483573,736067145.9950242,7744728903.55611,0.09504104729308831,110.6,112.4,105.9,107.3,323593.487,1649980799999.0,2022-04-14,0.08450003322444662,,green,1.0,-2.9,
469,1649980800000.0,107.48156952563316,644414780.7544945,7531293576.470776,0.08556495298069,107.3,112.9,107.0,111.0,303062.025,1650067199999.0,2022-04-15,0.0803514740357519,,green,,3.45,
470,1650067200000.0,111.1289503571866,664670069.2050865,7787632988.07337,0.085349434189184,111.0,114.9,110.1,114.3,256441.818,1650153599999.0,2022-04-16,0.08032269695322011,,green,,2.97,top
471,1650153600000.0,114.49650141679822,520120091.5888153,8024485382.087425,0.06481662895789529,114.3,115.1,108.2,108.8,275657.857,1650239999999.0,2022-04-17,0.07931180032339755,,green,,-4.81,
472,1650240000000.0,108.71825474219008,551054763.3958818,7620290319.365509,0.07231414293960449,108.8,111.5,105.2,111.3,433957.577,1650326399999.0,2022-04-18,0.07996996617705457,,red,1.0,2.3,
473,1650326400000.0,111.302877050644,668538119.3721638,7802221294.782138,0.08568561363662673,111.3,114.2,110.6,113.8,267982.503,1650412799999.0,2022-04-19,0.08018721736795252,,green,1.0,2.25,
474,1650412800000.0,113.79988861884509,541535568.9640622,7978091490.946065,0.06787783388779431,113.8,114.2,110.7,111.9,317572.869,1650499199999.0,2022-04-20,0.08048471201708267,,green,,-1.67,
475,1650499200000.0,111.92766358334414,557424685.3533853,7847576071.458196,0.07103144719816747,111.9,114.5,105.4,106.8,374445.22,1650585599999.0,2022-04-21,0.07696759188163302,,red,,-4.56,
476,1650585600000.0,106.89090641704792,617882742.107301,7495270070.090092,0.0824363547049445,106.8,108.7,104.7,105.4,307003.595,1650671999999.0,2022-04-22,0.07753607465963504,,red,1.0,-1.31,
477,1650672000000.0,105.47447126163598,557230401.5257647,7396721181.211495,0.07533478522094259,105.4,107.2,104.4,105.1,151820.201,1650758399999.0,2022-04-23,0.0766194017472809,,red,,-0.28,
478,1650758400000.0,105.34013056044067,392064540.088636,7388045408.439403,0.05306742425280422,105.2,105.9,103.5,104.6,188484.103,1650844799999.0,2022-04-24,0.07638707436745402,,red,,-0.48,
479,1650844800000.0,104.58308427822774,406301974.92717373,7353852322.292775,0.05525022221285202,104.6,104.9,98.3,104.6,464513.108,1650931199999.0,2022-04-25,0.07636464351469775,,red,,0.0,
480,1650931200000.0,104.66822417420701,699296587.6698011,7342458470.66421,0.09524011480129511,104.6,105.4,96.3,98.6,370089.57,1651017599999.0,2022-04-26,0.07591229479401129,,red,1.0,-5.74,
481,1651017600000.0,98.47205957828237,565465024.1675338,6905588552.7946,0.08188513112885905,98.6,102.0,97.7,100.5,295862.61,1651103999999.0,2022-04-27,0.07649250952891058,,red,,1.93,
482,1651104000000.0,100.51488368377036,587252051.4662408,7044347418.948979,0.08336500410053016,100.6,105.8,99.7,103.3,543891.391,1651190399999.0,2022-04-28,0.07565850644372785,,green,,2.79,
483,1651190400000.0,103.10591198109535,698782310.8623973,7233137789.767229,0.0966084611095021,103.3,104.5,98.4,100.4,394065.385,1651276799999.0,2022-04-29,0.07644732845292872,,red,1.0,-2.81,
484,1651276800000.0,100.36942789506243,736644475.6022329,7058953673.112801,0.10435604336207428,100.3,101.6,93.5,95.8,343937.913,1651363199999.0,2022-04-30,0.07780494339384945,,red,,-4.58,bottom
485,1651363200000.0,96.0665098759044,495256548.9332066,6741792114.121952,0.07346066751239609,95.9,100.0,94.4,99.3,295463.925,1651449599999.0,2022-05-01,0.07842237471917093,,red,,3.65,
486,1651449600000.0,99.56235862188755,501504213.391204,6988663597.435838,0.07175967284721037,99.3,101.9,98.3,100.7,330388.68,1651535999999.0,2022-05-02,0.07838276971257137,,green,,1.41,
487,1651536000000.0,100.73815903947606,544476247.5778068,7071929146.743919,0.07699119098619595,100.7,101.4,97.4,99.4,307980.668,1651622399999.0,2022-05-03,0.07776173952325487,,green,,-1.29,
488,1651622400000.0,99.43926446179714,456809364.0706662,6983388525.509901,0.06541371175353754,99.3,107.1,99.0,106.3,475753.421,1651708799999.0,2022-05-04,0.07758573079937937,,green,,6.94,top
489,1651708800000.0,106.29717692427855,680625468.0074085,7452459936.749582,0.09132896705034362,106.3,106.9,94.8,96.8,586614.195,1651795199999.0,2022-05-05,0.07903555364596339,,red,1.0,-8.94,
490,1651795200000.0,97.05144187824921,773199096.1232326,6815194463.222593,0.11345224267564365,96.8,98.4,92.9,96.7,494007.711,1651881599999.0,2022-05-06,0.08125097421529905,,red,1.0,-0.1,
491,1651881600000.0,96.81791440016933,663924448.4741758,6813705615.754961,0.09743955578870614,96.7,97.4,92.6,94.3,298037.215,1651967999999.0,2022-05-07,0.08282988639871074,,red,,-2.48,
492,1651968000000.0,94.52334951622642,464312061.6999172,6654871681.642213,0.06977025011327334,94.3,95.8,91.5,93.9,441180.21,1652054399999.0,2022-05-08,0.08402294538874425,,red,,-0.42,
493,1652054400000.0,93.97274561774242,649055677.7409596,6605705093.816359,0.09825683534503299,93.8,94.9,75.2,76.2,1075917.38183,1652140799999.0,2022-05-09,0.08709484632675717,,red,1.0,-18.85,
494,1652140800000.0,77.62901854884313,1074324210.033254,5453577954.083182,0.19699438040101544,76.2,85.0,73.3,80.2,1335840.74274,1652227199999.0,2022-05-10,0.09436300815530863,,red,1.0,5.25,
495,1652227200000.0,80.20417321726917,1603321468.7019892,5623187760.881976,0.28512678873282266,80.1,82.8,64.2,66.6,2156656.19047,1652313599999.0,2022-05-11,0.10888026941273458,,red,1.0,-16.96,
496,1652313600000.0,66.44698876809255,1828243908.0730658,4717884226.109748,0.38751351674871237,66.7,69.9,54.4,64.5,2076325.53921,1652399999999.0,2022-05-12,0.13060516317331902,,red,1.0,-3.15,bottom
497,1652400000000.0,64.3748302656497,1780319203.4021468,4514362713.304638,0.39436778045220566,64.4,73.2,63.2,67.9,1132719.666,1652486399999.0,2022-05-13,0.15187368598351214,,red,,5.27,
498,1652486400000.0,67.78872647354781,18350385301.59252,4764135481.639052,3.85177654420509,67.8,70.3,64.2,68.9,556982.007,1652572799999.0,2022-05-14,0.4195465789008704,True,red,1.0,1.47,
499,1652572800000.0,69.18036054658073,1042612109.0744971,4862403608.180924,0.21442319336064927,68.8,71.8,65.9,71.6,508046.555,1652659199999.0,2022-05-15,0.4296153307471742,,green,,3.92,
500,1652659200000.0,71.52515279056072,643863699.6980349,5027705637.105439,0.1280631258413771,71.5,71.6,64.9,67.3,577142.751,1652745599999.0,2022-05-16,0.43363700596104326,,red,,-6.01,
501,1652745600000.0,67.2571317101658,612302827.5706625,4727063471.025696,0.1295313319408006,67.2,73.9,67.1,73.2,639716.3,1652831999999.0,2022-05-17,0.4373898731720865,,green,,8.77,top
502,1652832000000.0,72.96254840854071,696148340.6210535,5131419406.439527,0.13566389442800997,73.1,74.4,65.7,66.0,701726.501,1652918399999.0,2022-05-18,0.4424077433631202,,green,,-9.84,
503,1652918400000.0,66.1633035863086,639768020.25216,4652219478.740787,0.13751888172424007,65.9,72.7,64.6,72.1,690029.823,1653004799999.0,2022-05-19,0.4457070229826842,,red,,9.24,
504,1653004800000.0,72.25395750066285,691507684.5789115,5083330267.99783,0.13603438063670717,72.1,73.5,66.7,68.6,755303.038,1653091199999.0,2022-05-20,0.4473200328370459,,green,,-4.85,
505,1653091200000.0,68.70746133363836,635684580.6091845,4832082095.14123,0.13155500425962963,68.6,70.7,67.9,69.8,274675.04,1653177599999.0,2022-05-21,0.449756850584969,,red,,1.75,
506,1653177600000.0,69.75664148795661,355446587.7958066,4906422893.112631,0.07244515924111701,69.8,72.6,69.4,71.7,290794.185,1653263999999.0,2022-05-22,0.44994791552267216,,green,,2.72,
507,1653264000000.0,71.80883369609995,350935242.04831743,5051287079.55842,0.06947442038455591,71.6,74.0,68.3,69.1,613835.768,1653350399999.0,2022-05-23,0.44789202873978085,,green,,-3.63,
508,1653350400000.0,69.2202232544868,607747746.6910777,4869719418.121448,0.12480138884993987,69.0,70.8,67.0,70.2,492877.962,1653436799999.0,2022-05-24,0.4427353864861327,,red,1.0,1.59,
509,1653436800000.0,70.37967753499669,483136722.3229347,4947972472.435592,0.09764337312190326,70.3,71.7,67.9,68.2,414049.811,1653523199999.0,2022-05-25,0.42934371394249554,,red,,-2.85,
510,1653523200000.0,68.24843994845807,429479050.65853506,4802383937.022762,0.08943038630201454,68.2,68.9,60.4,63.5,730443.128,1653609599999.0,2022-05-26,0.4080520617677314,,red,,-6.89,
511,1653609600000.0,63.866716188621304,620880465.1841328,4494521684.208906,0.13814161078931714,63.4,64.1,60.9,61.6,739704.085,1653695999999.0,2022-05-27,0.38975019250609655,,red,1.0,-2.99,bottom
512,1653696000000.0,61.47880916641328,535715394.54267675,4326902149.869615,0.12381037887783522,61.6,64.0,61.3,63.0,336506.622,1653782399999.0,2022-05-28,0.1234668949827212,,red,,2.27,
513,1653782400000.0,63.16478340880825,335026121.6469542,4446040136.405456,0.07535382303539366,63.1,64.4,61.8,63.6,315852.358,1653868799999.0,2022-05-29,0.11353336853091722,,red,,0.95,
514,1653868800000.0,63.80994739891105,334085928.1544867,4499193325.037191,0.07425462833423035,63.7,69.8,63.2,69.1,612046.039,1653955199999.0,2022-05-30,0.10968990442326389,,green,,8.65,top
515,1653955200000.0,69.12239469709459,513114167.30521744,4866360584.761708,0.10544104950051562,69.1,69.8,66.7,68.4,445048.542,1654041599999.0,2022-05-31,0.10796916996324354,,green,1.0,-1.01,
516,1654041600000.0,68.50657607208066,457451806.75821304,4823421848.116394,0.09483968459794857,68.4,70.6,61.7,62.7,634020.203,1654127999999.0,2022-06-01,0.10505315497538201,,red,,-8.33,
517,1654128000000.0,63.12657633095472,664334757.0733159,4445023672.478049,0.14945584231342393,62.7,64.8,62.1,64.5,371742.76,1654214399999.0,2022-06-02,0.10590579501746657,,red,1.0,2.87,
518,1654214400000.0,64.30984659190571,401464500.43218213,4537878827.331688,0.08846963872507074,64.4,64.9,61.4,62.6,281679.966,1654300799999.0,2022-06-03,0.10250831345234968,,red,,-2.95,
519,1654300800000.0,62.66793774707071,375004831.6667268,4413629736.674005,0.08496517697230321,62.6,64.4,61.3,63.7,187841.045,1654387199999.0,2022-06-04,0.09918046864611207,,red,,1.76,
520,1654387200000.0,63.719744162653576,300079341.21707016,4486056829.208542,0.06689156037062777,63.8,63.9,61.7,63.2,194186.313,1654473599999.0,2022-06-05,0.09878378301250569,,red,,-0.78,
521,1654473600000.0,63.17552749668198,281702795.81395096,4450355542.094314,0.06329894165745309,63.2,66.7,62.9,64.5,374528.282,1654559999999.0,2022-06-06,0.09834267738914122,,green,,2.06,
522,1654560000000.0,64.398744476552,422013762.9453905,4537018461.134338,0.09301565919568229,64.5,65.5,60.1,63.8,493587.564,1654646399999.0,2022-06-07,0.09607226812812283,,red,1.0,-1.09,
523,1654646400000.0,63.99415394907026,477304904.651932,4517091525.464754,0.10566642317543545,63.9,64.5,61.1,61.3,460948.577,1654732799999.0,2022-06-08,0.09664534313194655,,red,1.0,-3.92,
524,1654732800000.0,61.63098512760772,506131225.430368,4346970015.64505,0.11643310710880596,61.4,62.4,59.2,60.3,295546.594,1654819199999.0,2022-06-09,0.09857410890386022,,red,1.0,-1.63,
525,1654819200000.0,60.14190468709871,357229686.8347903,4235548756.4296722,0.08434082745299683,60.2,60.4,55.6,56.7,505271.348,1654905599999.0,2022-06-10,0.09473119580840876,,red,,-5.97,
526,1654905600000.0,56.691765965305244,558024671.7976636,3988510087.788477,0.1399080507546299,56.6,57.8,51.6,52.2,588679.33839,1654991999999.0,2022-06-11,0.0958810295138941,,red,1.0,-7.94,
527,1654992000000.0,52.11490232511888,658450307.8432183,3667341104.54047,0.17954433173069248,52.2,52.6,47.3,47.9,751665.40626,1655078399999.0,2022-06-12,0.10332320870641544,,red,1.0,-8.24,
528,1655078400000.0,47.9843257143968,599597664.2952052,3409469263.82619,0.17586246359714122,47.9,48.3,41.0,43.5,1585014.73295,1655164799999.0,2022-06-13,0.11058091122519478,,red,,-9.19,bottom
529,1655164800000.0,43.29198705338298,1055626618.234378,3052074079.5602317,0.3458718860410103,43.5,46.5,40.3,46.15,1538135.285,1655251199999.0,2022-06-14,0.12775454240665868,,red,1.0,6.09,
530,1655251200000.0,46.15396418506352,918915662.9565438,3254150240.425102,0.2823826790604795,46.16,50.98,41.66,50.65,2010453.14,1655337599999.0,2022-06-15,0.14115047058255376,,green,,9.75,top
531,1655337600000.0,50.50859614082794,990893654.8388823,3552498433.697788,0.2789286676215261,50.66,51.22,44.02,44.78,1636635.976,1655423999999.0,2022-06-16,0.15039852953313249,,green,,-11.59,bottom
532,1655424000000.0,44.68672729632736,692628105.7234454,3144933934.8206015,0.22023613852573837,44.8,48.43,44.41,47.6,1207287.632,1655510399999.0,2022-06-17,0.1598104223760373,,red,,6.3,
533,1655510400000.0,47.721878265378,556833853.1278064,3377129228.072029,0.16488378605686274,47.6,48.4,41.46,47.18,1913775.171,1655596799999.0,2022-06-18,0.16551889445350584,,red,,-0.88,
534,1655596800000.0,47.418799581765086,829171447.3173796,3344580504.8270516,0.24791493166951173,47.17,56.45,44.91,54.29,2451326.02,1655683199999.0,2022-06-19,0.17844913526056902,,green,1.0,15.07,
535,1655683200000.0,54.31781628546482,1339466828.3362787,3827993187.7842574,0.34991358725787,54.3,54.77,51.31,52.77,1979924.021,1655769599999.0,2022-06-20,0.19892160994631308,,green,1.0,-2.8,
536,1655769600000.0,52.985189548585616,794667975.5000335,3730383736.8932486,0.21302579883158393,52.76,55.71,51.86,53.52,1381554.785,1655855999999.0,2022-06-21,0.2074937627774489,,green,,1.42,
537,1655856000000.0,53.469884890507124,588994198.4337981,3783125263.3373103,0.15568984832244565,53.53,53.55,50.41,52.13,927893.846,1655942399999.0,2022-06-22,0.21106686457366391,,green,,-2.6,
538,1655942400000.0,52.10338685030702,494637997.13887715,3680701658.4506154,0.13438687593796833,52.15,56.77,51.9,55.74,994973.172,1656028799999.0,2022-06-23,0.2123492766328898,,green,,6.92,
539,1656028800000.0,55.76809618659322,601487686.2847589,3935522940.397596,0.15283551776831777,55.72,57.34,54.4,55.84,730614.764,1656115199999.0,2022-06-24,0.21724175451255556,,green,1.0,0.18,
540,1656115200000.0,56.15110651104729,527139977.08167547,3971386329.0211253,0.13273449959515923,55.85,59.76,54.59,58.88,618227.012,1656201599999.0,2022-06-25,0.21672935800116483,,green,,5.44,top
541,1656201600000.0,58.86569462928056,491192044.5481159,4162681627.2777543,0.11799894599898528,58.89,60.5,56.6,56.61,518719.077,1656287999999.0,2022-06-26,0.21233325902032857,,green,,-3.86,
542,1656288000000.0,56.97922620830003,406802072.58445305,4022245954.818397,0.10113804007861076,56.6,58.62,54.82,55.86,397024.694,1656374399999.0,2022-06-27,0.2069958001975764,,red,,-1.32,
543,1656374400000.0,55.9108538762096,373585146.98119915,3947203308.9211373,0.09464552944026303,55.89,57.0,52.57,52.68,428561.798,1656460799999.0,2022-06-28,0.18905106044038017,,red,,-5.69,
544,1656460800000.0,52.75101205666343,428406092.8023051,3720878009.3171096,0.1151357533704606,52.71,54.45,51.36,53.68,451898.813,1656547199999.0,2022-06-29,0.1771048514625217,,red,1.0,1.9,
545,1656547200000.0,53.48645690024734,481480913.3792497,3773772723.8478193,0.12758609185354478,53.68,54.0,50.15,53.84,505134.988,1656633599999.0,2022-06-30,0.16629466747909444,,red,1.0,0.3,
546,1656633600000.0,53.14581991334246,502711429.84663504,3753105758.357663,0.13394544737439495,53.84,56.28,50.04,51.19,606167.187,1656719999999.0,2022-07-01,0.16013104668256992,,red,,-4.92,
547,1656720000000.0,51.334323995722016,583802555.2631365,3645649356.065315,0.1601367817483205,51.21,51.65,49.77,50.55,395349.861,1656806399999.0,2022-07-02,0.15979197494624547,,red,1.0,-1.25,
548,1656806400000.0,50.51166842354989,405380137.370824,3566343675.5051,0.11366827604280458,50.55,52.22,49.11,50.95,319754.383,1656892799999.0,2022-07-03,0.15020292811576638,,red,,0.79,
549,1656892800000.0,50.960197057811214,346929174.59839153,3601819885.610145,0.09632052285135909,50.94,52.43,49.7,52.26,428499.128,1656979199999.0,2022-07-04,0.1320891378010156,,red,,2.57,
550,1656979200000.0,52.26582158973314,366891736.0179272,3690185668.481325,0.09942365208114838,52.24,52.48,47.95,49.7,567147.955,1657065599999.0,2022-07-05,0.12397469874741306,,red,,-4.9,bottom
551,1657065600000.0,49.78763061603183,510903905.5945549,3517782169.478336,0.14523466234702037,49.7,51.2,48.96,50.34,369984.007,1657151999999.0,2022-07-06,0.1232278997491684,,red,1.0,1.29,
552,1657152000000.0,50.357009241310216,376484880.31284356,3558381535.4073877,0.10580228021269254,50.36,52.64,49.77,52.15,478416.357,1657238399999.0,2022-07-07,0.12118614291164871,,green,,3.6,
553,1657238400000.0,52.20382993621902,447581631.197626,3704596017.950168,0.12081793238154007,52.17,53.99,50.75,51.35,539059.048,1657324799999.0,2022-07-08,0.11889917252687887,,green,1.0,-1.53,
554,1657324800000.0,51.67078038164477,526830779.7034316,3651943921.080452,0.14426036956984958,51.35,54.8,51.33,54.09,369622.829,1657411199999.0,2022-07-09,0.11972244895364247,,green,1.0,5.34,top
555,1657411200000.0,54.18236237258841,405001495.38423705,3847511609.1111584,0.10526322894651366,54.09,55.07,50.65,52.12,793607.197,1657497599999.0,2022-07-10,0.1188127548784659,,green,,-3.64,
556,1657497600000.0,52.16728443988188,553450098.4612402,3687747500.4006414,0.15007808924041374,52.12,52.25,48.26,48.71,458088.601,1657583999999.0,2022-07-11,0.12230847267573756,,red,1.0,-6.54,
557,1657584000000.0,48.73802041730751,348417967.32602954,3445696199.3772793,0.10111685626521488,48.7,49.37,47.28,47.33,466284.497,1657670399999.0,2022-07-12,0.12277071030609125,,red,,-2.83,bottom
558,1657670400000.0,47.550258196269105,345957649.0782926,3376567224.25023,0.10245839223743364,47.32,49.73,46.41,49.56,601519.056,1657756799999.0,2022-07-13,0.12186518451087505,,red,,4.71,
559,1657756800000.0,49.55750239478034,401854208.6341854,3503630785.3198705,0.11469650578421246,49.54,51.75,47.96,51.32,522186.191,1657843199999.0,2022-07-14,0.12094449979163703,,green,1.0,3.55,
560,1657843200000.0,51.24218225184296,385266461.83476937,3623831537.5694175,0.10631467214758442,51.32,52.78,50.61,51.78,544118.253,1657929599999.0,2022-07-15,0.11897087298972199,,green,,0.9,
561,1657929600000.0,51.689295705699124,402936617.91441905,3659153273.0464454,0.11011744735659905,51.76,55.56,51.07,55.08,437141.035,1658015999999.0,2022-07-16,0.11539806339031332,,green,,6.37,
562,1658016000000.0,55.26829947296359,331781014.73262465,3904459806.4627566,0.08497488287200515,55.07,57.02,54.33,55.76,488379.926,1658102399999.0,2022-07-17,0.11334853530668479,,green,,1.23,
563,1658102400000.0,55.96279983869605,712083567.9898314,3970778997.766261,0.17933094951655834,55.76,59.56,55.23,58.6,704809.589,1658188799999.0,2022-07-18,0.11927785149705615,,green,1.0,5.09,top
564,1658188800000.0,58.4994035434111,531551055.314089,4126842512.001802,0.12880332936578437,58.59,59.63,55.83,57.9,648764.405,1658275199999.0,2022-07-19,0.12137639987453017,,green,,-1.19,
565,1658275200000.0,57.94291080294763,538881297.728227,4103238656.0531855,0.131330722606948,57.9,61.73,56.4,57.2,823588.205,1658361599999.0,2022-07-20,0.12038326132166785,,green,,-1.21,
566,1658361600000.0,57.396583211656335,619801574.0119561,4070652203.29797,0.15226099972623647,57.2,58.65,55.15,58.02,495146.27,1658447999999.0,2022-07-21,0.12370174128692099,,red,1.0,1.43,
567,1658448000000.0,58.072481559122764,415446186.6313683,4113572960.9046183,0.10099399976122152,58.03,59.18,55.5,56.09,504430.421,1658534399999.0,2022-07-22,0.12228574609975537,,red,,-3.33,
568,1658534400000.0,56.13431551773756,436119911.6316982,3968365820.7820616,0.10989912002259669,56.09,57.24,54.5,56.32,359887.479,1658620799999.0,2022-07-23,0.11983137113209445,,red,,0.41,
569,1658620800000.0,56.42397778436359,352848568.12596154,3993990775.123881,0.08834486306869782,56.32,59.78,56.32,58.39,353168.581,1658707199999.0,2022-07-24,0.11862291642653619,,green,,3.68,
570,1658707200000.0,58.46859189863174,380965410.8188039,4159525080.998243,0.09158867981326757,58.39,59.02,53.89,54.0,480171.674,1658793599999.0,2022-07-25,0.11444510146745432,,red,,-7.52,
571,1658793600000.0,54.49725779047591,422779780.9694747,3903053266.2072597,0.10832026932092201,54.0,54.15,51.96,53.88,420584.372,1658879999999.0,2022-07-26,0.11495963097143339,,red,1.0,-0.22,bottom
572,1658880000000.0,53.7923012172817,359555367.78738207,3810811479.246774,0.09435139201859703,53.89,59.07,53.01,59.01,536658.831,1658966399999.0,2022-07-27,0.11438055952723078,,green,,9.52,
573,1658966400000.0,58.9136992867379,495553291.9591948,4173835911.4751725,0.1187285035803072,59.0,64.29,58.02,63.41,793684.143,1659052799999.0,2022-07-28,0.11466855936980898,,green,1.0,7.46,top
574,1659052800000.0,63.438515786754294,727799481.0699869,4488249078.76049,0.16215666026961714,63.4,64.58,59.76,60.65,598391.17,1659139199999.0,2022-07-29,0.11865727280709702,,green,1.0,-4.35,
575,1659139200000.0,61.098009900111535,632194799.9776027,4375479846.847103,0.14448582146553632,60.65,64.07,59.91,60.42,571176.572,1659225599999.0,2022-07-30,0.12111215667202112,,green,,-0.38,
576,1659225600000.0,60.36057485815415,624285446.4647582,4272017845.164736,0.1461336232879628,60.43,63.02,59.61,59.74,362956.297,1659311999999.0,2022-07-31,0.1254806381303038,,red,,-1.13,
577,1659312000000.0,59.87858138254393,467950289.3089694,4241999791.3956246,0.11031360497898869,59.74,60.75,58.25,59.44,413407.163,1659398399999.0,2022-08-01,0.12055082780619168,,red,,-0.5,
578,1659398400000.0,59.4636901857443,454529329.2912765,4213955965.3380156,0.1078628569045375,59.46,59.85,56.63,58.05,499501.827,1659484799999.0,2022-08-02,0.11905507977324549,,red,,-2.34,
579,1659484800000.0,58.375919136470806,511191997.95497084,4146621392.394453,0.12327915900221233,58.06,60.13,56.7,57.77,497789.611,1659571199999.0,2022-08-03,0.11847996808719294,,red,1.0,-0.48,bottom
580,1659571200000.0,57.78824482732954,455736658.97954327,4077014391.3726873,0.11178195984392922,57.76,60.8,57.6,59.65,438458.424,1659657599999.0,2022-08-04,0.11558860809559957,,green,,3.25,
581,1659657600000.0,59.94850034517463,437308302.7534791,4248673607.472491,0.10292819433913425,59.64,62.57,59.61,62.47,487945.255,1659743999999.0,2022-08-05,0.11572676485116476,,green,,4.73,
582,1659744000000.0,62.29439783711205,432732166.5060651,4413990061.096722,0.09803650676969271,62.47,62.58,60.5,60.83,221909.184,1659830399999.0,2022-08-06,0.11487943533310019,,green,,-2.63,
583,1659830400000.0,60.993070014707385,260842775.52178183,4326016107.793924,0.060296302422877486,60.82,62.0,59.86,61.1,242432.341,1659916799999.0,2022-08-07,0.11287596671554159,,green,,0.44,
584,1659916800000.0,61.07830271557345,248805295.79103673,4330249152.254278,0.05745750118362394,61.11,64.09,60.8,62.61,403958.239,1660003199999.0,2022-08-08,0.11043802538485274,,green,,2.47,top
585,1660003200000.0,62.65867903364285,359063501.83040166,4442916575.883188,0.08081707043059322,62.59,62.86,58.2,59.16,467966.92,1660089599999.0,2022-08-09,0.10847351117840069,,red,1.0,-5.51,bottom
586,1660089600000.0,59.30406370866646,395781361.8161449,4204559218.3604283,0.09413147520621203,59.15,62.35,57.42,61.59,683606.931,1660175999999.0,2022-08-10,0.10845780283465892,,red,1.0,4.11,
587,1660176000000.0,61.5848014095279,537465819.4811128,4366159797.71707,0.12309806429030315,61.58,63.48,61.48,61.84,451609.23,1660262399999.0,2022-08-11,0.10876991431394434,,green,1.0,0.41,
588,1660262400000.0,61.856689763940786,443253528.6180906,4391590068.216721,0.1009323551909027,61.84,63.08,60.66,62.88,361467.843,1660348799999.0,2022-08-12,0.10439674966546474,,green,,1.68,
589,1660348800000.0,62.99650151274172,334499582.7717562,4465742408.213062,0.07490346558202043,62.88,65.66,62.63,63.8,502527.314,1660435199999.0,2022-08-13,0.09942658138807074,,green,,1.46,top
590,1660435200000.0,63.73107302182687,363373220.3627079,4520944229.812536,0.0803755149126835,63.81,65.84,62.37,63.14,453041.878,1660521599999.0,2022-08-14,0.09472957364697936,,green,,-1.03,
591,1660521600000.0,63.282891666994715,369221837.4675578,4489119955.040094,0.08224815580011831,63.13,65.32,59.64,60.67,521249.361,1660607999999.0,2022-08-15,0.09272489870563148,,red,,-3.91,
592,1660608000000.0,60.89110261394542,446690610.2483801,4321662477.601759,0.10336082758972522,60.66,61.77,59.99,61.33,367330.078,1660694399999.0,2022-08-16,0.09240332518314488,,red,1.0,1.09,
593,1660694400000.0,61.394903664621516,357356246.8979641,4356538358.229564,0.08202756810872858,61.32,64.74,59.67,60.52,718429.134,1660780799999.0,2022-08-17,0.08945678297646749,,red,,-1.32,
594,1660780800000.0,60.423144714207254,527728174.7912757,4291323546.6137614,0.122975620239052,60.52,61.73,59.33,60.02,422084.3,1660867199999.0,2022-08-18,0.09025633014754766,,red,1.0,-0.83,
595,1660867200000.0,60.084629518437964,354112256.2881515,4272018444.1580257,0.08289108788198213,60.03,60.19,53.26,53.99,807381.053,1660953599999.0,2022-08-19,0.0888251082577511,,red,,-10.05,bottom
596,1660953600000.0,54.05299105629522,548136791.3146671,3830403570.484195,0.14310157695612685,54.01,55.62,52.64,54.1,651478.682,1661039999999.0,2022-08-20,0.09204404184249639,,red,1.0,0.2,
597,1661040000000.0,54.09706525315386,412215479.553064,3839421284.523895,0.10736396165084565,54.11,56.0,53.8,55.67,377261.077,1661126399999.0,2022-08-21,0.09540601750163698,,red,,2.9,
598,1661126400000.0,55.69011473335879,280191775.21290797,3952997329.1182566,0.07088084101372431,55.66,57.45,52.26,57.22,877776.632,1661212799999.0,2022-08-22,0.09636482748950129,,red,,2.78,top
599,1661212800000.0,57.17797790595773,740367884.0940232,4046892691.1931176,0.18294724881270466,57.23,57.75,53.88,57.08,562176.705,1661299199999.0,2022-08-23,0.10365984023108067,,green,1.0,-0.24,
600,1661299200000.0,57.10754369676993,488950471.7971052,4054048644.1772323,0.12060794398690239,57.1,57.69,55.56,56.46,437641.062,1661385599999.0,2022-08-24,0.10555101657255854,,green,,-1.09,
601,1661385600000.0,56.488167416370935,359040331.1837753,4006667597.66095,0.08961071075458799,56.47,57.53,55.82,56.63,379154.499,1661471999999.0,2022-08-25,0.1031590627485789,,green,,0.3,
602,1661472000000.0,56.88746852520753,335871273.7669783,4043686686.4301286,0.08306065722008106,56.62,58.31,52.08,52.68,663761.061,1661558399999.0,2022-08-26,0.10188251289352022,,red,,-6.98,
603,1661558400000.0,52.57410424425794,417424803.06718546,3728092139.207158,0.11196740517147141,52.69,52.99,51.63,52.64,146256.564,1661644799999.0,2022-08-27,0.10452993714990957,,red,1.0,-0.08,
